static/u-component.json
{"header": { "discipline":0, "disciplineName":"Meteorological products", "gribEdition":2, "gribLength":53985, "center":7, "centerName":"US National Weather Service - NCEP(WMC)", "subcenter":0, "refTime":"2022-04-09T12:00:00.000Z", "significanceOfRT":1, "significanceOfRTName":"Start of forecast", "productStatus":0, "productStatusName":"Operational products", "productType":1, "productTypeName":"Forecast products", "productDefinitionTemplate":0, "productDefinitionTemplateName":"Analysis/forecast at horizontal level/layer at a point in time", "parameterCategory":2, "parameterCategoryName":"Momentum", "parameterNumber":2, "parameterNumberName":"U-component_of_wind", "parameterUnit":"m.s-1", "genProcessType":2, "genProcessTypeName":"Forecast", "forecastTime":6, "surface1Type":220, "surface1TypeName":"Planetary Boundary Layer", "surface1Value":0.0, "surface2Type":255, "surface2TypeName":"Missing", "surface2Value":0.0, "gridDefinitionTemplate":0, "gridDefinitionTemplateName":"Latitude_Longitude", "numberPoints":65160, "shape":6, "shapeName":"Earth spherical with radius of 6,371,229.0 m", "gridUnits":"degrees", "resolution":48, "winds":"true", "scanMode":0, "nx":360, "ny":181, "basicAngle":0, "lo1":0.0, "la1":90.0, "lo2":359.0, "la2":-90.0, "dx":1.0, "dy":1.0 }, "data":
[rows 0 to 25 of 181, columns 174 to 231 of 360]
5.698578,5.698578,5.598578,5.598578,5.498578,5.498578,5.3985777,5.3985777,5.298578,5.298578,5.198578,5.098578,5.098578,4.998578,4.8985777,4.8985777,4.798578,4.698578,4.698578,4.598578,4.498578,4.3985777,4.3985777,4.298578,4.198578,4.098578,3.9985778,3.9985778,3.898578,3.7985778,3.698578,3.598578,3.4985778,3.398578,3.2985778,3.198578,3.198578,3.098578,2.9985778,2.898578,2.7985778,2.698578,2.598578,2.4985778,2.398578,2.2985778,2.198578,2.098578,1.9985778,1.8985779,1.7985779,1.6985779,1.5985779,1.3985779,1.2985779,1.1985779,1.0985779,0.9985779
4.298578,4.298578,4.198578,4.198578,4.098578,4.098578,3.9985778,3.9985778,3.898578,3.898578,3.7985778,3.7985778,3.698578,3.698578,3.598578,3.598578,3.4985778,3.4985778,3.398578,3.398578,3.2985778,3.198578,3.198578,3.098578,3.098578,2.9985778,2.9985778,2.898578,2.7985778,2.7985778,2.698578,2.698578,2.598578,2.4985778,2.4985778,2.398578,2.2985778,2.2985778,2.198578,2.198578,2.098578,1.9985778,1.8985779,1.7985779,1.6985779,1.5985779,1.4985778,1.2985779,1.0985779,0.9985779,0.89857787,0.7985779,0.6985779,0.59857786,0.39857787,0.29857787,0.19857788,0.09857788
2.4985778,2.398578,2.398578,2.398578,2.2985778,2.2985778,2.2985778,2.198578,2.198578,2.198578,2.198578,2.098578,2.098578,2.098578,1.9985778,1.9985778,1.9985778,1.8985779,1.8985779,1.8985779,1.8985779,1.7985779,1.7985779,1.6985779,1.6985779,1.5985779,1.5985779,1.4985778,1.4985778,1.3985779,1.3985779,1.2985779,1.2985779,1.2985779,1.1985779,1.1985779,1.1985779,1.1985779,1.0985779,1.0985779,1.0985779,0.9985779,0.9985779,0.89857787,0.89857787,0.59857786,0.59857786,0.4985779,0.4985779,0.59857786,0.39857787,0.29857787,0.29857787,0.19857788,0.09857788,0.09857788,-0.0014221191,-0.101422116
1.3985779,1.3985779,1.3985779,1.2985779,1.2985779,1.2985779,1.2985779,1.2985779,1.2985779,1.1985779,1.1985779,1.1985779,1.1985779,1.1985779,1.1985779,1.1985779,1.1985779,1.1985779,1.1985779,1.1985779,1.1985779,1.1985779,1.1985779,1.1985779,1.0985779,1.0985779,1.0985779,1.0985779,1.0985779,1.0985779,1.0985779,1.0985779,1.0985779,1.0985779,1.0985779,0.9985779,0.89857787,0.6985779,0.6985779,0.59857786,0.59857786,0.4985779,0.4985779,0.4985779,0.59857786,0.29857787,0.29857787,0.19857788,0.19857788,0.09857788,0.09857788,-0.0014221191,-0.0014221191,-0.0014221191,-0.101422116,-0.20142213,-0.20142213,-0.30142212
0.7985779,0.89857787,0.89857787,0.89857787,0.9985779,0.9985779,0.9985779,0.9985779,0.9985779,0.9985779,0.9985779,0.9985779,1.0985779,1.0985779,1.0985779,1.1985779,1.1985779,1.1985779,1.1985779,1.1985779,1.1985779,1.1985779,1.1985779,1.1985779,1.1985779,1.1985779,1.2985779,1.2985779,1.3985779,1.3985779,1.3985779,1.4985778,1.3985779,1.3985779,1.3985779,1.2985779,1.2985779,1.2985779,1.2985779,1.2985779,1.2985779,1.2985779,1.1985779,0.9985779,0.89857787,0.7985779,0.6985779,0.6985779,0.6985779,0.6985779,0.6985779,0.4985779,0.29857787,0.29857787,0.09857788,-0.0014221191,-0.101422116,-0.30142212
-0.20142213,-0.101422116,-0.101422116,-0.0014221191,-0.0014221191,0.09857788,0.09857788,0.09857788,0.09857788,0.19857788,0.19857788,0.19857788,0.19857788,0.19857788,0.19857788,0.19857788,0.19857788,0.29857787,0.29857787,0.39857787,0.39857787,0.4985779,0.4985779,0.4985779,0.59857786,0.59857786,0.6985779,0.7985779,0.89857787,0.89857787,0.9985779,1.0985779,1.1985779,1.3985779,1.4985778,1.4985778,1.5985779,1.5985779,1.5985779,1.6985779,1.5985779,1.4985778,1.3985779,1.3985779,1.3985779,1.3985779,1.3985779,1.3985779,1.3985779,1.2985779,0.9985779,0.89857787,0.89857787,0.7985779,0.6985779,0.4985779,0.39857787,0.29857787
-1.4014221,-1.3014221,-1.3014221,-1.2014221,-1.1014221,-1.1014221,-1.1014221,-1.1014221,-1.1014221,-1.1014221,-1.0014222,-0.90142214,-0.90142214,-0.8014221,-0.7014221,-0.7014221,-0.60142213,-0.60142213,-0.60142213,-0.60142213,-0.60142213,-0.60142213,-0.5014221,-0.4014221,-0.4014221,-0.4014221,-0.30142212,-0.30142212,-0.20142213,-0.101422116,0.09857788,0.19857788,0.29857787,0.4985779,0.39857787,0.39857787,0.4985779,0.59857786,0.6985779,0.89857787,0.9985779,1.0985779,1.0985779,1.1985779,1.1985779,1.1985779,1.2985779,1.3985779,1.2985779,1.2985779,1.2985779,0.89857787,0.7985779,0.6985779,0.4985779,0.39857787,0.39857787,0.19857788
-2.801422,-2.901422,-2.901422,-2.801422,-2.801422,-2.601422,-2.601422,-2.601422,-2.7014222,-2.801422,-2.801422,-2.7014222,-2.7014222,-2.601422,-2.601422,-2.601422,-2.5014222,-2.401422,-2.101422,-1.7014221,-1.6014221,-1.6014221,-1.5014222,-1.6014221,-1.7014221,-1.6014221,-1.5014222,-1.4014221,-1.2014221,-1.0014222,-0.8014221,-0.7014221,-0.60142213,-0.5014221,-0.30142212,-0.101422116,-0.20142213,-0.20142213,-0.101422116,-0.0014221191,0.09857788,0.19857788,0.29857787,0.39857787,0.4985779,0.39857787,0.59857786,0.6985779,0.7985779,0.59857786,0.6985779,0.7985779,0.39857787,0.39857787,0.29857787,0.29857787,0.19857788,0.29857787
-4.701422,-4.801422,-4.901422,-4.401422,-4.6014223,-4.501422,-4.301422,-4.301422,-4.301422,-4.401422,-4.401422,-4.401422,-4.401422,-4.301422,-4.201422,-4.201422,-4.1014223,-4.1014223,-4.1014223,-3.7014222,-3.901422,-3.801422,-3.301422,-3.2014222,-3.2014222,-3.101422,-3.101422,-3.0014222,-2.801422,-2.7014222,-2.601422,-2.101422,-2.0014222,-2.2014222,-2.101422,-1.9014221,-1.7014221,-1.5014222,-1.3014221,-1.0014222,-0.7014221,-0.5014221,-0.7014221,-0.7014221,-0.5014221,-0.4014221,-0.4014221,-0.4014221,-0.20142213,-0.101422116,0.09857788,0.19857788,-0.0014221191,0.09857788,0.09857788,0.29857787,0.29857787,0.19857788
-5.201422,-5.901422,-6.401422,-6.701422,-6.201422,-6.301422,-6.301422,-6.301422,-6.401422,-6.501422,-6.501422,-6.501422,-6.501422,-6.401422,-6.301422,-6.301422,-6.301422,-6.201422,-6.201422,-6.201422,-6.201422,-5.6014223,-5.6014223,-5.501422,-5.401422,-5.201422,-5.201422,-5.1014223,-4.901422,-4.301422,-4.201422,-4.001422,-3.901422,-3.5014222,-3.101422,-2.901422,-2.7014222,-2.601422,-2.401422,-2.2014222,-1.9014221,-1.5014222,-1.6014221,-1.4014221,-1.2014221,-1.0014222,-0.7014221,-0.8014221,-0.60142213,-0.7014221,-0.7014221,-0.60142213,-0.30142212,-0.101422116,-0.0014221191,-0.0014221191,-0.0014221191,-0.101422116
-6.201422,-6.301422,-6.401422,-6.401422,-6.401422,-6.501422,-6.501422,-6.901422,-7.1014223,-7.201422,-7.201422,-7.301422,-7.401422,-7.501422,-7.401422,-7.701422,-7.501422,-7.501422,-8.101422,-8.201422,-8.201422,-8.101422,-8.101422,-8.001422,-7.801422,-7.701422,-7.401422,-7.301422,-7.001422,-6.901422,-6.501422,-6.201422,-6.1014223,-5.701422,-5.1014223,-4.801422,-4.6014223,-4.401422,-4.001422,-3.901422,-3.401422,-3.301422,-3.0014222,-2.7014222,-2.301422,-2.0014222,-1.5014222,-1.1014221,-1.4014221,-1.3014221,-1.3014221,-0.7014221,-0.5014221,-0.8014221,-0.60142213,-0.60142213,-0.4014221,-0.101422116
-5.901422,-6.001422,-5.901422,-6.6014223,-6.701422,-6.801422,-6.901422,-6.801422,-6.901422,-7.501422,-7.501422,-7.701422,-7.801422,-7.901422,-7.901422,-8.001422,-8.001422,-8.101422,-8.101422,-8.701422,-8.701422,-8.701422,-9.301422,-9.201422,-9.301422,-9.201422,-9.4014225,-9.601422,-9.601422,-9.501422,-9.001422,-8.301422,-7.901422,-7.401422,-7.201422,-7.201422,-6.801422,-6.6014223,-6.1014223,-5.501422,-4.701422,-4.401422,-4.1014223,-3.7014222,-3.401422,-3.101422,-2.901422,-2.801422,-2.601422,-2.2014222,-1.7014221,-1.5014222,-1.7014221,-1.4014221,-1.3014221,-1.2014221,-0.90142214,-1.0014222
-5.6014223,-5.401422,-5.801422,-5.901422,-6.1014223,-6.201422,-5.901422,-6.1014223,-6.301422,-6.401422,-6.6014223,-6.501422,-6.801422,-7.001422,-6.801422,-6.701422,-6.801422,-6.901422,-7.301422,-7.6014223,-7.901422,-8.301422,-8.701422,-8.9014225,-9.201422,-9.301422,-9.4014225,-9.501422,-9.301422,-9.201422,-9.101422,-8.9014225,-8.9014225,-8.701422,-8.701422,-8.4014225,-8.201422,-7.701422,-7.301422,-6.901422,-6.401422,-6.501422,-6.001422,-5.1014223,-4.401422,-4.001422,-3.5014222,-3.101422,-2.801422,-2.901422,-3.0014222,-2.7014222,-2.401422,-2.0014222,-1.8014221,-1.8014221,-1.3014221,-1.1014221
-5.6014223,-5.201422,-5.301422,-5.201422,-5.701422,-5.801422,-5.801422,-5.901422,-6.1014223,-6.001422,-6.201422,-6.201422,-6.301422,-6.301422,-6.401422,-6.801422,-6.801422,-6.801422,-7.201422,-7.501422,-7.6014223,-7.701422,-7.6014223,-7.6014223,-7.701422,-7.701422,-7.701422,-7.701422,-7.901422,-7.901422,-8.101422,-8.201422,-8.301422,-8.201422,-8.001422,-7.901422,-8.101422,-8.201422,-8.101422,-8.001422,-7.701422,-7.301422,-6.701422,-6.401422,-5.701422,-5.201422,-5.001422,-4.501422,-3.5014222,-3.601422,-3.401422,-3.401422,-3.2014222,-2.7014222,-2.101422,-2.2014222,-2.401422,-2.2014222
-5.001422,-4.901422,-4.701422,-4.901422,-4.801422,-4.701422,-4.701422,-4.6014223,-4.401422,-4.301422,-4.1014223,-3.901422,-3.5014222,-3.301422,-2.801422,-2.601422,-2.5014222,-2.301422,-2.401422,-2.7014222,-2.801422,-3.101422,-3.401422,-3.7014222,-4.001422,-4.301422,-4.6014223,-5.001422,-5.301422,-5.701422,-5.901422,-6.1014223,-6.201422,-6.301422,-6.6014223,-6.801422,-7.1014223,-7.301422,-7.301422,-7.201422,-7.1014223,-7.301422,-7.401422,-7.6014223,-7.1014223,-6.6014223,-5.801422,-5.201422,-5.001422,-4.901422,-3.901422,-3.601422,-3.601422,-3.101422,-2.801422,-3.101422,-2.901422,-2.401422
-2.5014222,-1.0014222,-0.30142212,-0.4014221,-1.0014222,-0.90142214,-0.5014221,-0.101422116,0.29857787,0.6985779,0.89857787,1.2985779,1.6985779,1.9985778,2.2985778,2.598578,2.898578,3.098578,3.2985778,3.698578,3.898578,4.198578,4.3985777,4.798578,5.198578,5.498578,5.998578,6.3985777,6.798578,6.998578,7.3985777,7.198578,5.198578,1.4985778,-1.5014222,-2.901422,-3.5014222,-4.001422,-4.501422,-4.701422,-5.1014223,-5.6014223,-6.001422,-6.1014223,-6.301422,-6.201422,-6.201422,-6.401422,-5.801422,-5.301422,-5.001422,-4.801422,-4.401422,-4.1014223,-4.201422,-3.901422,-3.301422,-2.801422
-4.501422,-4.1014223,-3.801422,-3.401422,-3.2014222,-2.901422,-2.401422,-1.8014221,-1.4014221,-1.0014222,-0.90142214,-0.8014221,-0.60142213,-0.4014221,-0.20142213,-0.0014221191,0.29857787,0.6985779,0.9985779,1.3985779,1.7985779,2.698578,3.2985778,3.7985778,4.098578,4.598578,5.498578,6.298578,6.8985777,7.598578,8.198578,8.498578,8.5985775,8.798578,8.998578,8.898578,8.5985775,8.498578,6.298578,2.9985778,0.39857787,-1.0014222,-2.101422,-2.901422,-3.7014222,-4.501422,-4.901422,-4.901422,-5.301422,-5.401422,-6.001422,-6.001422,-5.801422,-5.801422,-5.501422,-5.801422,-5.6014223,-5.1014223
-3.301422,-2.5014222,-2.101422,-1.5014222,-1.2014221,-1.5014222,-1.5014222,-1.8014221,-1.8014221,-2.0014222,-2.0014222,-2.0014222,-1.9014221,-1.6014221,-1.5014222,-1.2014221,-1.0014222,-0.7014221,-0.20142213,0.09857788,0.09857788,0.09857788,0.09857788,0.4985779,1.1985779,1.2985779,1.6985779,2.198578,2.698578,2.9985778,4.098578,5.198578,6.998578,8.0985775,8.698578,9.0985775,9.298578,9.398578,9.498578,9.498578,9.398578,8.898578,8.398578,5.998578,2.698578,1.1985779,-0.101422116,-1.2014221,-2.301422,-2.801422,-2.801422,-3.0014222,-3.7014222,-3.801422,-3.801422,-3.901422,-3.801422,-4.1014223
-0.90142214,-1.1014221,-1.4014221,-1.6014221,-2.0014222,-2.7014222,-2.901422,-3.7014222,-4.301422,-4.301422,-4.301422,-4.801422,-5.301422,-5.201422,-4.801422,-4.301422,-3.901422,-3.401422,-2.901422,-2.601422,-2.101422,-1.7014221,-0.7014221,-0.60142213,-0.20142213,-0.0014221191,0.7985779,0.39857787,0.59857786,0.7985779,1.2985779,1.4985778,2.2985778,2.898578,3.898578,5.798578,7.198578,8.0985775,8.798578,9.398578,9.998578,10.498578,10.798578,10.998578,10.898578,10.398578,9.798578,7.598578,5.3985777,3.9985778,2.598578,1.3985779,0.19857788,-0.5014221,-1.0014222,-1.4014221,-1.6014221,-1.7014221
-6.1014223,-5.701422,-5.6014223,-4.6014223,-2.301422,-1.6014221,-0.90142214,-1.6014221,-2.2014222,-3.7014222,-4.301422,-4.801422,-5.201422,-5.401422,-5.701422,-5.901422,-5.701422,-5.201422,-4.701422,-4.201422,-3.401422,-3.101422,-2.801422,-3.301422,-3.7014222,-3.601422,-3.5014222,-3.301422,-3.301422,-3.101422,-2.101422,-1.4014221,-0.7014221,-0.30142212,0.4985779,1.7985779,3.2985778,4.3985777,5.798578,6.8985777,8.198578,9.398578,10.298578,11.0985775,11.898578,12.198578,12.398578,12.198578,11.898578,11.298578,10.198578,8.698578,7.498578,5.998578,4.298578,2.4985778,1.4985778,1.8985779
-0.5014221,-2.2014222,-5.401422,-4.401422,-3.0014222,-2.2014222,-1.8014221,-1.6014221,-2.0014222,-2.401422,-3.101422,-3.401422,-3.901422,-4.501422,-4.801422,-4.401422,-5.201422,-5.1014223,-4.501422,-5.1014223,-5.301422,-5.001422,-5.701422,-6.1014223,-4.6014223,-3.801422,-3.301422,-3.2014222,-2.801422,-1.6014221,-1.2014221,-0.7014221,0.09857788,-0.0014221191,0.19857788,0.4985779,0.89857787,0.29857787,1.9985778,3.698578,6.998578,9.198578,9.798578,10.898578,11.298578,12.0985775,12.498578,13.198578,13.198578,12.798578,12.0985775,11.498578,10.898578,10.398578,9.798578,8.898578,6.798578,4.8985777
-0.60142213,-0.60142213,-0.5014221,-0.20142213,0.6985779,1.1985779,0.9985779,0.9985779,0.9985779,0.89857787,0.4985779,-0.30142212,-1.1014221,-1.8014221,-2.801422,-3.401422,-3.801422,-4.401422,-4.6014223,-2.801422,-3.7014222,-3.401422,-1.7014221,-1.4014221,-1.7014221,-1.1014221,-0.7014221,0.89857787,0.19857788,-0.4014221,-0.8014221,-0.4014221,-0.8014221,-0.5014221,-0.4014221,-0.60142213,-1.5014222,-1.0014222,-1.2014221,-0.30142212,0.4985779,1.1985779,0.7985779,-0.7014221,-0.7014221,-0.0014221191,0.4985779,-0.101422116,3.198578,9.898578,10.998578,10.698578,11.0985775,10.5985775,10.198578,10.298578,9.698578,10.898578
-0.8014221,-1.1014221,-0.60142213,-1.5014222,1.5985779,0.59857786,1.0985779,1.6985779,1.3985779,1.0985779,2.2985778,1.6985779,1.0985779,-0.8014221,-1.1014221,-1.9014221,-2.401422,-3.101422,-4.1014223,-6.1014223,-7.801422,-7.6014223,-5.201422,-2.0014222,-3.7014222,-2.2014222,-1.5014222,-1.4014221,-1.4014221,-2.2014222,-2.601422,-0.7014221,0.7985779,0.6985779,0.9985779,-0.0014221191,1.0985779,1.6985779,1.2985779,1.7985779,0.6985779,-0.101422116,-0.4014221,0.29857787,2.7985778,1.4985778,-1.0014222,-0.4014221,0.39857787,1.6985779,0.19857788,2.398578,7.3985777,8.298578,8.798578,8.0985775,8.498578,7.3985777
-0.20142213,-2.401422,-1.2014221,-1.2014221,-0.90142214,-0.101422116,0.09857788,-0.20142213,0.7985779,0.39857787,0.39857787,0.4985779,1.2985779,0.89857787,-0.90142214,-1.8014221,-1.5014222,-2.301422,-3.0014222,-4.1014223,-5.1014223,-7.201422,-11.4014225,-11.601422,-9.201422,-4.401422,-3.401422,-3.801422,-6.001422,-3.901422,-2.0014222,-1.0014222,-1.0014222,-0.20142213,-0.60142213,-0.60142213,1.9985778,2.4985778,2.4985778,4.098578,5.498578,7.998578,8.498578,8.898578,8.298578,5.8985777,5.3985777,5.598578,0.09857788,0.7985779,3.9985778,-1.4014221,-0.20142213,3.2985778,6.098578,7.598578,6.098578,6.698578
-1.0014222,-1.3014221,-0.4014221,-0.90142214,-1.0014222,-1.4014221,-1.0014222,-2.7014222,-1.2014221,-0.8014221,-0.90142214,-0.8014221,-1.2014221,-1.2014221,0.09857788,1.7985779,0.39857787,1.3985779,1.8985779,-0.7014221,-1.4014221,-2.401422,-1.2014221,-0.8014221,-1.1014221,-4.801422,-1.2014221,-2.0014222,-4.301422,-4.201422,-1.9014221,-0.60142213,-1.0014222,-0.4014221,0.7985779,2.2985778,1.0985779,2.2985778,1.4985778,3.598578,2.898578,4.798578,1.3985779,3.398578,2.698578,3.698578,3.2985778,2.198578,-0.5014221,3.098578,3.098578,0.59857786,-0.60142213,0.6985779,6.698578,11.398578,12.298578,11.0985775
-3.901422,-5.401422,-4.501422,-3.101422,-2.801422,-2.301422,-2.601422,-2.401422,-3.101422,-3.801422,-4.401422,-1.0014222,1.1985779,0.19857788,0.39857787,2.098578,9.698578,7.698578,3.4985778,-3.101422,-2.0014222,-1.3014221,-1.9014221,-1.1014221,0.59857786,-0.4014221,-0.90142214,-0.5014221,1.4985778,-1.6014221,-1.5014222,-1.1014221,0.6985779,-0.0014221191,-0.30142212,0.6985779,1.8985779,0.9985779,0.29857787,0.39857787,1.6985779,1.5985779,2.698578,1.2985779,1.2985779,1.8985779,1.9985778,2.2985778,0.6985779,-1.1014221,-0.90142214,0.9985779,1.3985779,0.9985779,-0.8014221,-0.5014221,0.89857787,0.59857786
