static/u-component.json
{"header": { "discipline":0, "disciplineName":"Meteorological products", "gribEdition":2, "gribLength":53985, "center":7, "centerName":"US National Weather Service - NCEP(WMC)", "subcenter":0, "refTime":"2022-04-09T12:00:00.000Z", "significanceOfRT":1, "significanceOfRTName":"Start of forecast", "productStatus":0, "productStatusName":"Operational products", "productType":1, "productTypeName":"Forecast products", "productDefinitionTemplate":0, "productDefinitionTemplateName":"Analysis/forecast at horizontal level/layer at a point in time", "parameterCategory":2, "parameterCategoryName":"Momentum", "parameterNumber":2, "parameterNumberName":"U-component_of_wind", "parameterUnit":"m.s-1", "genProcessType":2, "genProcessTypeName":"Forecast", "forecastTime":6, "surface1Type":220, "surface1TypeName":"Planetary Boundary Layer", "surface1Value":0.0, "surface2Type":255, "surface2TypeName":"Missing", "surface2Value":0.0, "gridDefinitionTemplate":0, "gridDefinitionTemplateName":"Latitude_Longitude", "numberPoints":65160, "shape":6, "shapeName":"Earth spherical with radius of 6,371,229.0 m", "gridUnits":"degrees", "resolution":48, "winds":"true", "scanMode":0, "nx":360, "ny":181, "basicAngle":0, "lo1":0.0, "la1":90.0, "lo2":359.0, "la2":-90.0, "dx":1.0, "dy":1.0 }, "data":
[rows 78 to 103 of 181, columns 58 to 115 of 360]
-1.7014221,-0.90142214,-0.8014221,-0.5014221,0.6985779,1.2985779,1.4985778,1.6985779,1.0985779,3.2985778,2.698578,2.9985778,5.198578,4.098578,4.298578,3.7985778,3.4985778,2.9985778,1.5985779,-0.4014221,1.1985779,-1.0014222,-4.1014223,-4.301422,-6.1014223,-5.901422,-6.301422,-5.501422,-5.301422,-4.901422,-4.6014223,-3.801422,-2.401422,-1.1014221,0.29857787,0.29857787,0.7985779,1.4985778,2.098578,0.7985779,1.0985779,-0.0014221191,2.098578,0.89857787,0.39857787,-0.101422116,0.39857787,0.6985779,-0.60142213,-1.7014221,-0.30142212,0.9985779,0.09857788,-0.101422116,-0.0014221191,-1.4014221,-1.6014221,-1.4014221
-2.301422,-1.3014221,-1.3014221,-0.60142213,0.19857788,0.9985779,1.6985779,1.9985778,1.8985779,2.4985778,2.9985778,2.598578,3.698578,3.698578,4.298578,3.7985778,2.9985778,2.198578,-1.1014221,2.198578,-2.301422,-0.8014221,-3.0014222,-2.7014222,-5.201422,-6.1014223,-5.801422,-5.201422,-4.6014223,-4.401422,-4.001422,-3.401422,-2.801422,-1.8014221,-1.5014222,-0.4014221,-0.7014221,-0.0014221191,1.5985779,0.19857788,0.29857787,-0.0014221191,2.098578,1.3985779,0.59857786,0.6985779,0.59857786,4.3985777,-0.20142213,-2.2014222,1.2985779,-4.001422,-1.8014221,-0.4014221,0.6985779,-1.0014222,-0.7014221,-1.4014221
-2.101422,-1.0014222,-1.1014221,-0.4014221,-0.0014221191,0.89857787,1.1985779,1.9985778,2.598578,2.198578,2.698578,3.598578,2.698578,2.2985778,2.9985778,3.598578,2.2985778,0.59857786,-3.301422,0.19857788,4.498578,0.7985779,-1.3014221,-1.5014222,-2.7014222,-3.301422,-2.7014222,-4.001422,-3.0014222,-2.901422,-2.601422,-2.5014222,-2.401422,-2.301422,-2.0014222,-1.1014221,-0.90142214,-0.4014221,0.59857786,-0.0014221191,0.4985779,0.6985779,-0.4014221,0.19857788,0.39857787,1.4985778,2.198578,2.898578,-0.30142212,-4.001422,-7.401422,-4.001422,-2.301422,-0.101422116,1.1985779,-0.20142213,1.1985779,-0.101422116
-1.8014221,-0.90142214,-0.20142213,-0.0014221191,0.09857788,0.9985779,0.6985779,1.4985778,2.398578,1.9985778,3.698578,3.4985778,3.198578,3.098578,4.198578,3.7985778,3.598578,0.7985779,-1.6014221,0.19857788,7.098578,1.9985778,0.7985779,2.898578,0.7985779,-1.4014221,-1.8014221,-0.7014221,-0.8014221,-1.7014221,-0.7014221,-1.0014222,-1.9014221,-1.3014221,-1.4014221,-1.5014222,-0.30142212,-0.20142213,-0.20142213,-0.0014221191,0.19857788,0.39857787,0.29857787,-1.8014221,-0.4014221,0.59857786,0.59857786,0.29857787,-3.101422,-4.301422,-5.901422,-3.301422,-0.90142214,1.0985779,2.2985778,1.8985779,4.798578,1.8985779
-1.6014221,-0.8014221,0.09857788,0.39857787,0.29857787,-0.101422116,0.39857787,0.4985779,1.7985779,1.8985779,2.598578,3.098578,3.198578,3.198578,3.9985778,3.9985778,4.3985777,3.098578,-1.2014221,3.898578,8.798578,7.698578,1.6985779,4.798578,2.4985778,2.098578,1.6985779,1.6985779,1.2985779,0.39857787,0.7985779,-0.0014221191,-0.8014221,-0.8014221,-0.0014221191,-1.3014221,-1.0014222,-0.30142212,0.09857788,-0.0014221191,0.4985779,-0.8014221,0.19857788,-2.301422,-1.4014221,-0.8014221,-1.4014221,-1.6014221,-3.5014222,-4.001422,-3.2014222,-1.8014221,0.29857787,2.598578,1.5985779,2.9985778,5.298578,6.998578
-1.8014221,-1.3014221,-0.60142213,-0.20142213,0.19857788,-0.4014221,-0.30142212,0.29857787,1.7985779,2.398578,2.598578,2.898578,3.198578,3.598578,3.098578,4.598578,4.798578,5.098578,4.598578,3.898578,8.998578,8.698578,-0.7014221,1.4985778,0.09857788,1.4985778,3.198578,4.698578,2.2985778,1.9985778,1.9985778,0.7985779,0.59857786,0.6985779,0.6985779,1.7985779,0.7985779,-0.101422116,0.19857788,0.9985779,0.9985779,-1.0014222,-0.90142214,-2.301422,-2.2014222,-2.2014222,-2.7014222,-3.101422,-3.7014222,-3.401422,-2.401422,-0.60142213,0.7985779,2.698578,1.6985779,1.2985779,5.098578,7.698578
-1.9014221,-1.7014221,-1.8014221,-1.0014222,-0.20142213,-0.30142212,-0.8014221,0.89857787,1.6985779,2.7985778,3.098578,3.398578,3.598578,3.4985778,4.098578,4.3985777,5.8985777,5.798578,6.298578,4.798578,6.498578,7.598578,6.198578,7.3985777,9.398578,6.698578,8.0985775,5.298578,3.7985778,2.9985778,2.398578,1.9985778,1.6985779,1.9985778,0.89857787,1.2985779,1.0985779,0.6985779,0.4985779,0.89857787,1.9985778,-0.0014221191,-1.2014221,-0.7014221,0.09857788,-2.7014222,-2.5014222,-2.901422,-3.801422,-4.1014223,-2.401422,-0.90142214,1.7985779,2.7985778,3.2985778,3.2985778,5.798578,7.298578
-2.5014222,-2.401422,-1.3014221,-0.5014221,-0.30142212,-0.0014221191,0.4985779,1.6985779,2.598578,3.198578,3.4985778,3.598578,4.298578,4.298578,4.598578,4.8985777,5.198578,6.298578,6.698578,7.598578,6.498578,7.698578,8.898578,8.998578,9.0985775,8.398578,7.298578,6.3985777,4.498578,2.4985778,2.9985778,3.4985778,2.7985778,2.098578,1.3985779,0.59857786,0.4985779,0.9985779,-0.5014221,0.4985779,2.098578,1.4985778,-0.30142212,-0.101422116,0.89857787,0.59857786,-2.7014222,-3.2014222,-2.901422,-3.5014222,-2.7014222,-1.2014221,0.9985779,2.698578,4.098578,5.098578,3.7985778,1.6985779
-1.7014221,-1.8014221,-0.8014221,0.09857788,0.29857787,0.29857787,0.9985779,1.4985778,1.9985778,2.698578,2.9985778,2.9985778,3.698578,3.9985778,5.198578,4.598578,5.198578,5.8985777,5.798578,6.3985777,7.098578,7.798578,8.498578,8.698578,8.698578,8.198578,7.198578,6.3985777,4.198578,3.098578,3.098578,3.198578,2.898578,1.8985779,1.3985779,0.4985779,0.59857786,1.6985779,0.7985779,-2.601422,0.6985779,2.398578,1.1985779,-0.4014221,0.09857788,0.59857786,-2.2014222,-2.601422,-2.2014222,-3.0014222,-3.401422,-1.5014222,-0.8014221,2.7985778,4.8985777,2.9985778,0.4985779,-0.4014221
-0.4014221,0.19857788,1.3985779,1.7985779,0.9985779,1.1985779,1.7985779,2.2985778,1.8985779,2.598578,1.6985779,2.098578,2.598578,3.198578,4.098578,4.498578,5.298578,5.098578,5.598578,6.298578,6.8985777,7.498578,7.8985777,8.198578,7.998578,7.8985777,6.998578,6.298578,5.098578,2.9985778,3.598578,2.4985778,1.7985779,2.198578,1.4985778,0.9985779,0.89857787,0.29857787,0.09857788,-0.30142212,-0.5014221,1.0985779,3.898578,-0.90142214,-1.0014222,-0.4014221,-1.8014221,-2.0014222,-1.0014222,-1.5014222,-0.7014221,-0.30142212,1.3985779,2.098578,3.198578,0.89857787,-0.30142212,-0.20142213
-0.0014221191,0.6985779,1.8985779,1.8985779,1.8985779,1.6985779,1.7985779,1.5985779,1.5985779,1.8985779,1.9985778,1.9985778,2.598578,3.2985778,3.4985778,4.198578,4.798578,5.298578,5.798578,6.098578,6.598578,6.8985777,7.198578,7.698578,7.798578,7.698578,7.198578,6.198578,5.498578,4.598578,4.698578,2.698578,2.2985778,1.4985778,1.7985779,1.2985779,1.0985779,0.59857786,0.59857786,0.09857788,-0.0014221191,-0.0014221191,0.89857787,0.19857788,-1.5014222,-0.101422116,0.59857786,0.29857787,1.7985779,2.2985778,2.398578,3.098578,4.098578,2.898578,0.09857788,0.4985779,0.29857787,1.2985779
0.29857787,0.9985779,1.5985779,2.198578,2.698578,1.9985778,0.9985779,1.3985779,1.0985779,1.9985778,2.2985778,2.2985778,2.198578,2.698578,3.398578,4.3985777,4.698578,5.3985777,5.798578,5.998578,6.598578,6.798578,7.098578,7.3985777,7.498578,7.3985777,6.598578,6.098578,5.8985777,4.598578,3.4985778,2.198578,1.2985779,0.9985779,1.5985779,1.3985779,1.2985779,0.89857787,1.0985779,0.29857787,1.0985779,-1.1014221,0.4985779,0.19857788,-0.0014221191,0.4985779,-0.60142213,0.7985779,2.698578,4.598578,4.798578,1.0985779,0.6985779,-1.4014221,-0.5014221,-0.60142213,0.9985779,-0.101422116
0.39857787,0.09857788,0.89857787,1.8985779,2.098578,1.1985779,1.2985779,1.4985778,1.2985779,1.7985779,2.098578,2.198578,2.2985778,2.598578,3.2985778,4.298578,4.298578,5.098578,5.698578,6.198578,5.998578,6.298578,7.698578,6.8985777,6.3985777,7.298578,5.798578,4.798578,5.498578,4.3985777,3.098578,2.098578,1.0985779,0.89857787,1.3985779,1.7985779,1.8985779,1.3985779,0.7985779,0.89857787,1.5985779,0.9985779,-0.90142214,0.6985779,0.29857787,0.29857787,0.89857787,1.8985779,2.198578,4.498578,4.8985777,2.598578,-0.0014221191,0.19857788,-1.0014222,-0.101422116,0.89857787,0.4985779
-0.20142213,0.09857788,1.1985779,1.3985779,1.7985779,0.59857786,0.4985779,1.2985779,1.3985779,1.6985779,1.8985779,2.2985778,2.098578,2.4985778,3.198578,3.4985778,3.898578,4.298578,4.798578,5.498578,6.298578,5.698578,6.8985777,6.8985777,6.298578,6.798578,5.798578,4.798578,4.498578,4.8985777,3.4985778,2.398578,1.4985778,1.7985779,1.5985779,2.098578,1.6985779,1.3985779,1.3985779,0.89857787,1.3985779,1.0985779,-0.101422116,0.7985779,0.39857787,0.4985779,0.6985779,1.0985779,2.098578,2.9985778,2.2985778,1.6985779,-0.4014221,-0.4014221,0.4985779,0.39857787,4.3985777,2.9985778
-0.0014221191,0.09857788,0.4985779,1.4985778,1.8985779,0.6985779,0.9985779,1.4985778,1.9985778,1.2985779,1.8985779,2.2985778,2.398578,2.2985778,2.098578,2.098578,2.898578,2.598578,3.898578,4.798578,5.698578,5.298578,6.298578,7.198578,6.798578,6.298578,4.8985777,3.9985778,4.8985777,4.3985777,4.198578,2.898578,1.7985779,2.098578,2.198578,1.7985779,1.9985778,2.098578,1.2985779,0.29857787,0.9985779,0.29857787,-0.8014221,-0.90142214,0.6985779,-0.101422116,-0.101422116,0.89857787,0.39857787,1.1985779,1.0985779,2.4985778,0.7985779,0.09857788,0.6985779,4.598578,2.898578,0.59857786
0.19857788,0.7985779,0.89857787,1.5985779,1.6985779,1.2985779,1.0985779,1.6985779,1.8985779,1.3985779,2.198578,3.198578,1.4985778,0.59857786,0.89857787,1.4985778,1.5985779,2.4985778,2.898578,3.398578,4.798578,5.198578,5.698578,6.598578,6.698578,5.8985777,5.798578,5.098578,4.998578,4.8985777,4.498578,3.398578,2.7985778,2.4985778,2.698578,2.2985778,1.5985779,1.1985779,0.39857787,0.19857788,0.89857787,0.6985779,0.59857786,-0.90142214,-0.60142213,-1.0014222,0.09857788,0.09857788,1.5985779,1.8985779,0.9985779,1.6985779,4.098578,0.6985779,4.3985777,4.798578,3.098578,0.59857786
0.9985779,1.3985779,1.3985779,1.7985779,2.2985778,1.6985779,1.6985779,2.098578,1.7985779,1.6985779,2.398578,3.198578,1.8985779,-0.4014221,-0.0014221191,0.59857786,1.7985779,1.4985778,2.4985778,3.398578,3.9985778,4.298578,5.3985777,6.298578,5.998578,6.498578,6.198578,5.498578,4.798578,5.098578,3.7985778,2.7985778,2.898578,2.398578,2.398578,2.198578,1.3985779,1.0985779,0.89857787,0.29857787,0.6985779,0.19857788,0.89857787,-0.30142212,-1.1014221,0.09857788,0.89857787,1.4985778,1.9985778,4.098578,5.598578,3.598578,3.2985778,5.098578,5.3985777,4.3985777,3.098578,1.8985779
1.4985778,2.198578,1.9985778,2.898578,2.2985778,2.898578,2.4985778,1.9985778,1.5985779,2.2985778,2.698578,1.7985779,-0.101422116,-0.90142214,-1.2014221,0.29857787,0.09857788,1.1985779,2.2985778,2.9985778,3.2985778,4.498578,4.3985777,5.198578,5.298578,6.798578,5.498578,5.998578,4.3985777,4.098578,3.398578,2.698578,3.098578,2.9985778,2.698578,2.198578,1.6985779,1.7985779,1.1985779,0.89857787,0.4985779,-0.101422116,1.1985779,-0.0014221191,-0.60142213,-0.5014221,-0.101422116,-0.0014221191,4.498578,4.698578,2.9985778,1.9985778,3.098578,2.398578,2.9985778,1.4985778,0.9985779,1.5985779
2.398578,3.098578,2.898578,3.4985778,3.198578,3.598578,2.7985778,2.898578,1.6985779,1.9985778,2.698578,0.9985779,-0.7014221,-1.6014221,-1.5014222,-0.101422116,-0.5014221,1.3985779,1.2985779,1.9985778,2.698578,2.4985778,4.198578,5.8985777,4.8985777,5.3985777,4.998578,4.798578,3.9985778,2.7985778,2.198578,2.698578,2.7985778,2.398578,3.098578,2.9985778,2.698578,2.698578,1.0985779,1.5985779,1.0985779,0.59857786,0.39857787,0.29857787,0.09857788,-0.4014221,0.29857787,2.7985778,2.7985778,4.198578,2.4985778,1.2985779,1.5985779,2.2985778,1.6985779,-0.20142213,-0.101422116,1.1985779
3.098578,3.4985778,3.7985778,4.198578,4.598578,3.398578,2.598578,3.698578,2.198578,1.8985779,1.5985779,-0.20142213,-1.2014221,-1.6014221,-1.0014222,-1.1014221,-1.0014222,1.2985779,0.6985779,1.5985779,2.4985778,1.6985779,1.3985779,0.89857787,-0.8014221,-0.7014221,0.9985779,1.1985779,1.3985779,1.3985779,1.2985779,2.098578,1.7985779,1.6985779,2.198578,2.4985778,2.7985778,3.2985778,2.7985778,1.6985779,0.9985779,0.19857788,-0.30142212,-1.1014221,-0.4014221,-0.4014221,0.09857788,-0.0014221191,-0.7014221,0.6985779,0.4985779,0.19857788,1.2985779,0.89857787,-0.101422116,-0.4014221,-0.5014221,-0.4014221
3.9985778,3.4985778,3.7985778,3.9985778,3.198578,2.698578,2.9985778,3.4985778,2.698578,1.7985779,1.2985779,-0.0014221191,-1.5014222,-2.0014222,-1.1014221,-1.0014222,-1.0014222,0.6985779,0.09857788,0.59857786,1.3985779,-0.30142212,-2.601422,-3.901422,-3.5014222,-1.7014221,-2.901422,-3.601422,-3.101422,-2.401422,-1.5014222,-0.4014221,0.89857787,0.29857787,0.89857787,2.2985778,2.398578,2.698578,2.898578,1.6985779,-0.5014221,-0.60142213,-1.1014221,-1.0014222,-1.9014221,-0.60142213,-0.0014221191,-0.5014221,0.09857788,0.59857786,-2.101422,-0.30142212,-0.101422116,-0.4014221,0.6985779,0.6985779,-0.7014221,0.7985779
2.2985778,2.598578,2.698578,3.4985778,2.9985778,2.598578,3.4985778,2.898578,2.698578,2.098578,1.4985778,-0.101422116,-1.6014221,-1.1014221,-1.5014222,-1.4014221,-1.9014221,-0.0014221191,-1.2014221,-1.3014221,-2.2014222,-5.901422,-4.901422,-5.301422,-5.701422,-5.201422,-6.001422,-6.501422,-5.901422,-4.701422,-3.7014222,-3.401422,-2.301422,-1.1014221,0.09857788,1.4985778,2.598578,2.7985778,1.8985779,1.1985779,-0.30142212,-2.2014222,-2.5014222,-2.401422,-2.2014222,-1.0014222,-1.2014221,-1.3014221,-1.7014221,-1.8014221,-3.0014222,-2.301422,-1.6014221,-1.1014221,-1.6014221,-0.7014221,0.7985779,-0.7014221
-0.20142213,0.39857787,0.09857788,1.1985779,1.1985779,1.4985778,2.7985778,3.7985778,3.398578,1.6985779,0.7985779,-0.30142212,-0.90142214,-1.9014221,-2.0014222,-2.401422,-2.0014222,-1.9014221,-2.601422,-4.1014223,-6.701422,-10.101422,-9.501422,-9.201422,-7.801422,-7.801422,-6.6014223,-7.1014223,-7.301422,-5.901422,-4.901422,-4.201422,-3.301422,-3.5014222,-2.7014222,-1.7014221,-2.801422,-2.7014222,0.19857788,-0.60142213,-1.4014221,-3.301422,-3.5014222,-3.401422,-2.901422,-2.301422,-3.601422,-3.2014222,-2.5014222,-3.301422,-4.001422,-3.101422,-3.301422,-3.601422,-3.301422,-3.801422,-3.5014222,-3.0014222
-2.7014222,-2.5014222,-0.90142214,-1.4014221,-1.3014221,-1.5014222,-2.0014222,-2.0014222,0.7985779,0.6985779,-0.8014221,-1.1014221,-1.5014222,-2.401422,-2.5014222,-2.901422,-2.601422,-3.601422,-4.1014223,-5.6014223,-8.001422,-9.4014225,-8.501422,-9.4014225,-8.301422,-9.001422,-9.801422,-9.101422,-8.601422,-7.701422,-6.701422,-5.301422,-4.201422,-4.301422,-6.301422,-8.4014225,-11.101422,-6.6014223,-7.401422,-6.401422,-5.6014223,-3.901422,-4.6014223,-3.7014222,-2.7014222,-3.0014222,-4.301422,-4.1014223,-3.801422,-4.501422,-4.6014223,-4.401422,-4.801422,-4.701422,-4.6014223,-5.1014223,-4.401422,-3.801422
-4.901422,-5.301422,-4.6014223,-4.1014223,-4.1014223,-4.1014223,-4.1014223,-4.201422,-4.301422,-2.101422,-2.101422,-2.801422,-2.7014222,-3.301422,-3.601422,-3.601422,-4.501422,-5.001422,-6.201422,-6.6014223,-8.201422,-8.301422,-8.701422,-9.601422,-9.501422,-9.4014225,-10.301422,-10.501422,-10.101422,-9.801422,-9.101422,-8.4014225,-8.4014225,-9.4014225,-9.601422,-9.4014225,-8.701422,-7.901422,-7.701422,-7.701422,-6.501422,-5.401422,-4.401422,-3.901422,-2.901422,-4.201422,-4.301422,-4.501422,-4.701422,-4.901422,-5.801422,-5.6014223,-5.1014223,-5.001422,-5.1014223,-5.201422,-4.701422,-3.7014222
-6.301422,-6.201422,-5.701422,-5.001422,-4.501422,-4.301422,-3.901422,-4.201422,-4.701422,-4.6014223,-3.2014222,-4.501422,-4.201422,-3.601422,-4.6014223,-4.201422,-6.001422,-6.701422,-7.801422,-8.801422,-8.501422,-8.9014225,-9.9014225,-10.301422,-10.801422,-9.801422,-9.9014225,-10.801422,-11.301422,-11.301422,-10.4014225,-10.101422,-10.801422,-11.101422,-10.201422,-10.201422,-10.201422,-9.501422,-8.501422,-8.9014225,-7.401422,-6.301422,-4.401422,-3.801422,-3.7014222,-4.501422,-5.201422,-5.301422,-5.1014223,-5.401422,-5.401422,-4.801422,-4.501422,-5.001422,-4.701422,-4.801422,-3.601422,-3.5014222
