static/u-component.json
{"header": { "discipline":0, "disciplineName":"Meteorological products", "gribEdition":2, "gribLength":53985, "center":7, "centerName":"US National Weather Service - NCEP(WMC)", "subcenter":0, "refTime":"2022-04-09T12:00:00.000Z", "significanceOfRT":1, "significanceOfRTName":"Start of forecast", "productStatus":0, "productStatusName":"Operational products", "productType":1, "productTypeName":"Forecast products", "productDefinitionTemplate":0, "productDefinitionTemplateName":"Analysis/forecast at horizontal level/layer at a point in time", "parameterCategory":2, "parameterCategoryName":"Momentum", "parameterNumber":2, "parameterNumberName":"U-component_of_wind", "parameterUnit":"m.s-1", "genProcessType":2, "genProcessTypeName":"Forecast", "forecastTime":6, "surface1Type":220, "surface1TypeName":"Planetary Boundary Layer", "surface1Value":0.0, "surface2Type":255, "surface2TypeName":"Missing", "surface2Value":0.0, "gridDefinitionTemplate":0, "gridDefinitionTemplateName":"Latitude_Longitude", "numberPoints":65160, "shape":6, "shapeName":"Earth spherical with radius of 6,371,229.0 m", "gridUnits":"degrees", "resolution":48, "winds":"true", "scanMode":0, "nx":360, "ny":181, "basicAngle":0, "lo1":0.0, "la1":90.0, "lo2":359.0, "la2":-90.0, "dx":1.0, "dy":1.0 }, "data":
[rows 130 to 155 of 181, columns 290 to 347 of 360]
9.398578,8.798578,1.2985779,0.6985779,-4.401422,-7.001422,-5.301422,-6.1014223,-7.001422,-5.201422,-3.901422,-3.7014222,-3.801422,-4.201422,-4.301422,-3.5014222,-4.701422,-5.901422,-5.301422,-6.1014223,-4.501422,-3.5014222,-5.1014223,-4.201422,-3.901422,-3.2014222,-3.101422,-2.5014222,-0.90142214,-0.5014221,1.4985778,2.198578,0.59857786,0.6985779,1.0985779,2.4985778,7.198578,6.098578,4.698578,3.9985778,4.098578,5.298578,6.098578,4.998578,6.098578,9.5985775,6.498578,6.8985777,6.498578,5.598578,2.7985778,3.898578,4.198578,3.9985778,1.9985778,1.2985779,0.4985779,-2.2014222
8.498578,9.698578,1.0985779,-1.3014221,-1.6014221,-2.801422,-5.201422,-4.6014223,-4.401422,-4.901422,-3.101422,-3.0014222,-3.5014222,-3.5014222,-4.301422,-5.801422,-5.701422,-6.801422,-4.401422,-6.401422,-4.801422,-4.001422,-3.301422,-2.301422,-1.7014221,-1.1014221,-1.2014221,-1.3014221,-2.901422,-3.301422,-1.8014221,-0.101422116,-0.4014221,-0.101422116,0.89857787,1.7985779,1.9985778,2.198578,4.698578,2.2985778,4.998578,5.098578,5.698578,7.298578,7.698578,5.298578,7.798578,9.298578,7.198578,3.898578,3.098578,2.9985778,2.898578,2.2985778,2.898578,3.9985778,2.198578,1.1985779
7.998578,7.498578,5.598578,2.198578,-2.601422,-5.401422,-5.6014223,-4.401422,-4.801422,-3.7014222,-2.7014222,-2.5014222,-3.101422,-4.6014223,-5.6014223,-6.701422,-6.701422,-5.701422,-3.901422,-3.801422,-3.301422,-1.7014221,-0.60142213,-1.1014221,0.39857787,0.7985779,-3.601422,-2.901422,-3.101422,-1.4014221,-0.90142214,-2.0014222,-0.20142213,0.6985779,0.4985779,0.7985779,-0.4014221,-0.0014221191,0.89857787,3.2985778,4.598578,5.798578,7.8985777,7.098578,7.798578,8.698578,5.198578,7.8985777,8.0985775,6.798578,5.098578,5.798578,5.698578,4.598578,4.3985777,4.298578,3.9985778,0.89857787
4.298578,5.498578,4.998578,-1.5014222,-3.801422,-2.901422,-4.6014223,-5.701422,-4.6014223,-3.101422,-3.301422,-5.1014223,-6.501422,-6.201422,-5.401422,-5.1014223,-4.901422,-3.401422,-2.601422,-2.101422,-1.1014221,0.7985779,0.39857787,-2.0014222,-0.7014221,-1.1014221,-1.6014221,-1.8014221,-0.4014221,-0.20142213,-0.0014221191,0.39857787,-0.0014221191,-0.4014221,-0.7014221,-0.4014221,-0.20142213,1.2985779,2.9985778,4.698578,5.8985777,6.998578,7.198578,7.298578,6.3985777,6.198578,5.3985777,5.598578,6.498578,6.798578,6.998578,6.998578,6.3985777,7.098578,6.798578,7.3985777,6.798578,6.098578
2.598578,0.6985779,-4.501422,-3.0014222,-2.0014222,-1.7014221,-4.801422,-4.201422,-3.401422,-3.401422,-5.201422,-4.901422,-5.701422,-7.001422,-8.501422,-7.201422,-6.1014223,-4.701422,-3.301422,-2.401422,-0.101422116,0.19857788,-1.0014222,-0.7014221,-1.6014221,-1.0014222,-0.5014221,1.1985779,1.9985778,0.29857787,1.0985779,1.6985779,1.5985779,1.6985779,1.3985779,1.5985779,2.4985778,2.898578,3.698578,4.3985777,5.3985777,7.198578,7.698578,8.398578,8.498578,8.898578,8.898578,8.698578,8.898578,9.398578,9.698578,10.5985775,10.0985775,9.698578,9.698578,10.198578,9.298578,7.8985777
-0.20142213,1.0985779,-1.8014221,1.7985779,-1.1014221,-4.1014223,-3.801422,-3.401422,-3.801422,-4.401422,-5.001422,-6.301422,-7.1014223,-6.401422,-6.201422,-4.801422,-4.1014223,-3.0014222,-2.0014222,-0.7014221,-1.0014222,-0.101422116,0.19857788,-0.0014221191,-0.30142212,-0.60142213,1.9985778,3.698578,2.698578,3.098578,2.098578,3.098578,3.098578,3.598578,4.098578,4.298578,4.3985777,4.598578,5.198578,5.798578,6.598578,7.3985777,7.698578,8.798578,9.998578,10.498578,10.898578,12.0985775,12.898578,13.498578,13.298578,12.998578,12.798578,12.698578,12.798578,12.198578,10.298578,9.398578
-0.8014221,-1.1014221,-0.60142213,-4.6014223,-8.001422,-3.801422,-3.7014222,-4.201422,-2.901422,-3.301422,-5.001422,-5.6014223,-4.201422,-2.601422,-1.8014221,-1.8014221,-1.8014221,-1.2014221,-0.20142213,0.7985779,1.4985778,2.698578,2.698578,0.59857786,0.19857788,2.598578,4.8985777,5.498578,5.198578,4.3985777,3.698578,4.298578,4.8985777,5.498578,6.3985777,6.698578,6.798578,7.198578,7.498578,7.998578,8.298578,8.898578,9.698578,10.798578,11.398578,12.398578,13.298578,13.998578,13.898578,13.5985775,14.398578,13.398578,13.698578,12.798578,12.298578,11.498578,11.298578,10.998578
0.4985779,-0.101422116,0.4985779,-1.2014221,-3.101422,-2.101422,-3.101422,-3.601422,-3.601422,-2.401422,-3.101422,-1.4014221,-1.1014221,-0.0014221191,0.09857788,0.39857787,1.0985779,1.6985779,2.4985778,3.198578,4.098578,4.998578,4.3985777,1.2985779,3.7985778,4.798578,5.298578,5.698578,6.498578,6.8985777,6.198578,6.198578,7.298578,7.8985777,8.298578,8.5985775,9.298578,9.698578,9.898578,10.298578,10.298578,10.898578,10.998578,11.498578,12.698578,13.998578,14.198578,15.498578,15.5985775,16.298578,15.198578,14.998578,14.498578,13.398578,12.298578,11.198578,11.498578,11.5985775
1.4985778,1.7985779,1.0985779,1.2985779,0.4985779,-2.0014222,-2.101422,-3.0014222,-2.5014222,-1.0014222,-0.30142212,0.19857788,0.6985779,0.09857788,1.2985779,2.198578,2.898578,3.2985778,3.7985778,4.498578,5.998578,5.698578,5.498578,5.298578,5.3985777,5.698578,5.3985777,5.698578,5.998578,6.298578,9.0985775,9.198578,8.998578,9.398578,9.798578,10.498578,10.5985775,10.798578,11.298578,11.698578,11.898578,12.0985775,11.798578,12.398578,11.498578,10.5985775,11.198578,12.298578,14.298578,13.998578,14.198578,14.798578,14.398578,13.498578,13.0985775,12.398578,12.498578,12.398578
0.89857787,1.3985779,2.2985778,-0.30142212,-2.7014222,-1.4014221,-1.2014221,-1.1014221,-0.8014221,0.29857787,2.198578,2.4985778,2.598578,2.098578,2.198578,1.6985779,3.4985778,4.698578,4.8985777,5.8985777,6.198578,6.3985777,7.198578,7.998578,7.698578,7.498578,7.498578,7.598578,7.3985777,8.498578,9.398578,10.198578,11.5985775,11.5985775,11.798578,12.198578,12.298578,12.298578,12.5985775,12.798578,12.5985775,12.698578,12.5985775,11.498578,11.998578,12.998578,13.298578,14.798578,16.398579,16.998577,15.998578,14.798578,14.698578,14.0985775,14.198578,14.5985775,14.0985775,15.298578
2.598578,1.8985779,1.4985778,0.19857788,-0.4014221,-0.5014221,0.9985779,1.2985779,1.3985779,1.0985779,5.598578,5.198578,5.698578,5.498578,5.798578,6.798578,7.298578,7.298578,6.798578,5.3985777,6.8985777,7.598578,8.5985775,9.698578,9.998578,10.0985775,9.898578,9.898578,9.998578,10.198578,10.998578,11.498578,12.198578,12.698578,12.298578,12.298578,12.498578,12.998578,13.5985775,13.798578,13.198578,13.198578,13.198578,11.998578,13.0985775,14.398578,15.398578,15.0985775,15.398578,15.898578,15.998578,17.198578,17.898579,17.698578,17.198578,16.198578,15.198578,14.898578
2.7985778,0.9985779,3.2985778,3.2985778,3.698578,2.098578,3.598578,3.4985778,4.198578,5.298578,6.298578,8.498578,9.0985775,8.998578,8.898578,9.5985775,10.0985775,10.798578,9.198578,9.798578,9.198578,9.498578,10.0985775,10.498578,10.798578,11.898578,11.5985775,11.298578,11.398578,11.698578,12.298578,12.998578,13.5985775,13.5985775,13.5985775,13.898578,13.798578,13.798578,13.898578,13.5985775,12.898578,12.698578,13.0985775,15.398578,15.998578,15.698578,15.298578,14.998578,14.298578,14.898578,14.398578,15.0985775,16.498577,16.898579,17.598577,17.998577,16.798578,14.398578
3.4985778,2.598578,1.6985779,2.7985778,4.3985777,5.3985777,5.198578,6.298578,7.198578,7.598578,8.298578,9.798578,9.5985775,11.798578,12.798578,12.698578,12.398578,13.298578,13.698578,10.398578,10.5985775,10.698578,12.698578,12.498578,12.998578,12.5985775,13.0985775,12.998578,13.0985775,13.0985775,13.0985775,13.498578,14.0985775,14.798578,14.698578,14.298578,14.398578,13.998578,12.5985775,9.198578,11.198578,13.0985775,14.898578,16.098577,16.598577,16.498577,15.998578,14.798578,13.998578,13.998578,13.898578,14.198578,14.698578,17.898579,18.298578,17.398579,17.198578,15.0985775
4.8985777,5.498578,1.3985779,4.3985777,4.698578,5.998578,7.698578,7.998578,9.0985775,10.298578,12.198578,12.898578,12.298578,12.898578,13.698578,14.998578,15.198578,16.098577,15.998578,15.898578,11.998578,13.698578,12.698578,13.0985775,13.798578,14.698578,14.5985775,14.198578,14.298578,14.5985775,14.0985775,13.698578,13.898578,14.998578,17.498577,17.098577,15.198578,10.198578,6.3985777,11.198578,13.498578,15.198578,15.798578,16.098577,15.798578,15.798578,15.298578,14.698578,14.298578,13.498578,13.398578,14.0985775,13.398578,13.198578,15.5985775,16.298578,14.0985775,14.498578
3.098578,9.898578,10.198578,6.198578,6.498578,5.998578,6.3985777,7.998578,9.698578,11.5985775,12.498578,13.798578,15.0985775,15.698578,16.598577,16.898579,16.398579,17.298578,17.998577,18.298578,17.898579,13.798578,13.898578,13.0985775,14.5985775,14.5985775,15.298578,14.998578,15.498578,14.898578,14.298578,13.798578,12.5985775,9.698578,9.0985775,4.998578,4.498578,6.498578,16.298578,15.5985775,15.198578,14.698578,14.398578,14.5985775,14.698578,14.798578,14.998578,14.798578,13.698578,13.798578,13.798578,13.798578,14.998578,14.698578,13.498578,5.198578,11.5985775,13.998578
1.7985779,5.8985777,1.1985779,-0.60142213,-0.90142214,-1.2014221,-0.0014221191,7.3985777,8.498578,9.398578,11.398578,13.498578,14.698578,16.298578,17.198578,18.498577,18.898579,18.698578,19.198578,19.498577,18.798578,18.298578,15.698578,15.0985775,14.198578,15.898578,16.398579,15.498578,15.5985775,15.5985775,14.698578,13.998578,13.698578,13.898578,18.698578,19.698578,18.598577,17.298578,16.098577,14.298578,13.698578,13.898578,13.698578,13.398578,13.0985775,12.898578,12.698578,12.998578,12.698578,12.798578,13.398578,13.198578,12.698578,13.698578,6.098578,7.998578,10.698578,9.0985775
16.298578,15.698578,15.0985775,8.498578,5.8985777,6.3985777,6.698578,6.698578,6.598578,8.698578,9.298578,10.898578,12.298578,13.298578,14.5985775,15.898578,17.898579,19.098577,19.298578,20.198578,20.098577,19.398579,17.398579,16.798578,15.898578,15.298578,16.498577,16.798578,16.198578,16.198578,15.798578,15.498578,15.298578,14.898578,15.998578,16.498577,16.198578,15.498578,14.398578,13.898578,13.698578,13.498578,12.898578,12.5985775,11.898578,11.498578,11.0985775,11.298578,11.0985775,11.698578,11.798578,11.898578,11.398578,11.198578,10.498578,8.398578,9.198578,10.198578
16.698578,16.098577,16.098577,14.898578,13.498578,11.698578,11.298578,11.5985775,12.298578,11.998578,12.398578,12.898578,13.298578,14.398578,14.898578,15.998578,16.198578,17.098577,18.998577,19.098577,19.298578,19.398579,17.898579,18.598577,15.998578,15.498578,16.298578,16.398579,16.898579,17.298578,16.798578,16.898579,16.898579,15.5985775,14.698578,15.998578,15.298578,14.298578,14.0985775,13.898578,13.698578,13.498578,13.0985775,12.498578,12.0985775,11.498578,11.0985775,10.698578,10.698578,10.198578,10.198578,10.798578,10.998578,10.498578,9.698578,9.298578,7.8985777,8.898578
17.698578,16.698578,15.398578,15.298578,14.298578,13.698578,14.0985775,13.5985775,13.5985775,13.998578,14.198578,14.298578,15.0985775,15.998578,17.198578,18.298578,18.598577,19.098577,18.998577,19.298578,18.898579,19.598577,19.898579,18.898579,17.498577,15.398578,15.398578,17.098577,17.698578,17.298578,17.998577,17.398579,16.098577,16.698578,16.898579,14.898578,14.298578,13.398578,13.5985775,13.798578,13.798578,13.398578,13.0985775,12.698578,12.498578,12.0985775,12.0985775,11.898578,11.398578,10.5985775,10.498578,10.198578,9.298578,9.498578,9.298578,9.998578,9.5985775,8.298578
19.098577,17.298578,15.898578,15.0985775,14.498578,13.898578,13.698578,13.898578,13.798578,13.698578,14.198578,14.498578,15.0985775,15.5985775,16.598577,17.498577,18.798578,19.398579,20.598577,21.398579,21.798578,21.498577,19.498577,19.398579,19.298578,17.298578,16.198578,16.198578,16.998577,17.598577,17.798578,17.098577,16.598577,16.098577,15.5985775,13.5985775,12.798578,12.698578,13.298578,13.5985775,13.198578,12.998578,12.798578,12.498578,12.0985775,11.998578,12.198578,12.0985775,11.5985775,11.0985775,10.898578,10.798578,10.698578,10.498578,9.798578,8.798578,10.198578,9.0985775
18.298578,16.698578,15.998578,14.998578,14.198578,14.198578,14.0985775,13.898578,14.398578,14.498578,14.998578,15.798578,16.098577,16.298578,16.898579,17.698578,18.798578,20.198578,20.498577,20.598577,21.998577,22.598577,22.098577,19.598577,18.598577,17.198578,15.898578,15.898578,15.698578,15.0985775,16.198578,16.898579,16.098577,14.698578,12.0985775,10.998578,11.398578,11.898578,12.398578,12.0985775,11.998578,12.0985775,11.798578,11.898578,11.698578,12.0985775,12.398578,11.998578,11.498578,11.0985775,10.798578,10.698578,10.5985775,10.898578,10.998578,10.698578,10.398578,10.198578
16.598577,14.5985775,14.398578,14.298578,14.398578,13.998578,14.398578,14.298578,14.798578,15.5985775,16.898579,18.298578,19.798578,20.598577,21.698578,21.698578,20.998577,21.698578,22.298578,22.998577,22.698578,22.898579,22.498577,19.698578,17.498577,16.898579,14.798578,13.498578,12.898578,14.398578,14.898578,15.198578,13.5985775,9.298578,8.798578,9.498578,10.698578,10.298578,10.498578,10.898578,11.0985775,10.898578,11.298578,11.5985775,11.998578,11.798578,11.5985775,11.498578,11.398578,11.298578,11.398578,11.0985775,10.998578,11.198578,10.998578,10.998578,10.898578,9.698578
14.698578,13.398578,12.498578,12.198578,11.998578,12.398578,11.998578,11.998578,13.698578,15.798578,17.798578,17.498577,19.398579,19.798578,21.898579,22.298578,23.298578,23.998577,24.398579,23.998577,23.798578,22.898579,21.598577,20.298578,17.698578,14.698578,13.0985775,10.398578,11.0985775,11.5985775,11.5985775,7.798578,5.798578,6.8985777,8.298578,9.0985775,8.498578,8.698578,9.298578,9.798578,9.898578,10.198578,10.698578,11.198578,10.998578,11.0985775,11.5985775,11.898578,11.898578,12.0985775,11.998578,11.898578,11.498578,11.798578,11.198578,10.898578,11.198578,11.298578
9.5985775,7.498578,6.298578,6.798578,7.298578,8.398578,10.198578,12.898578,14.498578,16.198578,18.198578,19.998577,21.098577,23.998577,25.898579,25.398579,25.798578,25.498577,24.798578,22.698578,19.698578,19.698578,14.898578,12.898578,11.698578,8.0985775,6.698578,6.698578,7.298578,2.698578,2.698578,3.9985778,5.3985777,6.598578,6.3985777,6.3985777,7.098578,7.798578,7.998578,8.198578,8.898578,9.498578,9.898578,9.798578,9.998578,9.998578,10.298578,11.5985775,11.498578,10.798578,10.698578,10.698578,10.498578,10.398578,10.398578,9.898578,9.998578,10.298578
0.4985779,0.6985779,2.398578,3.398578,6.098578,7.098578,8.198578,8.698578,8.198578,3.098578,1.5985779,2.398578,2.9985778,4.3985777,6.298578,18.398579,17.198578,16.998577,11.198578,11.998578,9.5985775,6.498578,4.698578,1.0985779,0.7985779,1.4985778,1.9985778,-1.4014221,-1.1014221,0.39857787,1.8985779,2.9985778,3.9985778,4.498578,4.698578,5.598578,6.298578,6.198578,6.298578,7.498578,7.998578,7.8985777,8.198578,8.198578,8.198578,9.398578,8.698578,7.698578,7.198578,8.198578,8.198578,6.498578,6.498578,6.298578,6.698578,7.498578,7.8985777,8.698578
-0.5014221,0.39857787,2.9985778,4.098578,3.698578,2.2985778,2.4985778,3.4985778,1.8985779,1.6985779,7.298578,7.698578,10.698578,14.298578,15.298578,13.898578,10.798578,5.198578,2.598578,0.9985779,-2.2014222,-4.201422,-4.801422,-5.201422,-6.501422,-5.901422,-4.901422,-3.601422,-2.0014222,-0.60142213,1.5985779,2.598578,2.9985778,3.698578,4.3985777,4.998578,4.698578,5.3985777,6.198578,6.598578,6.698578,6.298578,6.498578,6.8985777,7.298578,5.598578,4.498578,2.698578,1.2985779,-0.4014221,-1.8014221,-1.5014222,-0.7014221,0.59857786,2.098578,3.7985778,5.798578,7.998578
