static/v-component.json
{"header": { "discipline":0, "disciplineName":"Meteorological products", "gribEdition":2, "gribLength":54844, "center":7, "centerName":"US National Weather Service - NCEP(WMC)", "subcenter":0, "refTime":"2022-04-09T12:00:00.000Z", "significanceOfRT":1, "significanceOfRTName":"Start of forecast", "productStatus":0, "productStatusName":"Operational products", "productType":1, "productTypeName":"Forecast products", "productDefinitionTemplate":0, "productDefinitionTemplateName":"Analysis/forecast at horizontal level/layer at a point in time", "parameterCategory":2, "parameterCategoryName":"Momentum", "parameterNumber":3, "parameterNumberName":"V-component_of_wind", "parameterUnit":"m.s-1", "genProcessType":2, "genProcessTypeName":"Forecast", "forecastTime":6, "surface1Type":220, "surface1TypeName":"Planetary Boundary Layer", "surface1Value":0.0, "surface2Type":255, "surface2TypeName":"Missing", "surface2Value":0.0, "gridDefinitionTemplate":0, "gridDefinitionTemplateName":"Latitude_Longitude", "numberPoints":65160, "shape":6, "shapeName":"Earth spherical with radius of 6,371,229.0 m", "gridUnits":"degrees", "resolution":48, "winds":"true", "scanMode":0, "nx":360, "ny":181, "basicAngle":0, "lo1":0.0, "la1":90.0, "lo2":359.0, "la2":-90.0, "dx":1.0, "dy":1.0 }, "data":
[rows 78 to 103 of 181, columns 0 to 58 of 360]
1.9754089,-0.22459106,2.875409,1.675409,-4.024591,-0.82459104,-5.024591,-2.724591,-0.42459106,-1.824591,-1.1245911,-2.624591,-2.124591,-5.824591,-6.824591,4.375409,8.675409,-0.62459105,-1.9245911,4.7754087,3.375409,-4.424591,0.47540894,-0.92459106,1.5754089,-3.8245912,-2.624591,-0.7245911,2.6754088,1.5754089,4.2754087,1.775409,-2.624591,0.37540895,6.2754087,-2.924591,-0.42459106,-6.7245913,2.775409,0.17540893,1.4754089,2.875409,3.875409,1.4754089,-4.624591,-5.324591,-3.224591,-0.82459104,0.075408936,-2.224591,-2.624591,2.975409,2.875409,1.175409,0.47540894,0.37540895,-0.22459106,-0.62459105,-0.5245911
2.275409,0.87540895,0.47540894,0.57540894,-0.82459104,0.9754089,1.3754089,3.6754088,-1.5245911,-0.92459106,-3.3245912,1.175409,-0.82459104,-4.424591,-1.9245911,1.3754089,-2.3245912,1.8754089,5.675409,5.175409,0.27540892,-0.12459107,-1.4245911,-0.82459104,0.17540893,3.075409,2.375409,1.275409,1.0754089,-2.8245912,-2.8245912,-0.32459107,4.2754087,9.275409,8.775409,0.27540892,-0.22459106,1.775409,-0.12459107,0.17540893,-0.92459106,-2.224591,0.37540895,-0.5245911,0.67540896,-2.024591,1.0754089,-3.124591,0.27540892,-0.32459107,0.37540895,0.87540895,2.075409,0.57540894,0.27540892,-0.024591064,-0.92459106,-1.0245911,-1.1245911
0.57540894,1.3754089,0.075408936,-1.9245911,0.7754089,4.175409,-0.32459107,1.175409,3.975409,0.87540895,5.975409,4.2754087,-0.32459107,0.9754089,7.975409,1.4754089,3.375409,8.475409,0.9754089,-2.924591,-0.7245911,-1.224591,0.67540896,1.3754089,-0.42459106,-0.024591064,-0.42459106,-0.12459107,-2.8245912,0.47540894,-1.1245911,-5.624591,2.6754088,5.575409,1.9754089,2.6754088,-1.5245911,-2.8245912,0.37540895,3.975409,-0.82459104,-1.1245911,-1.1245911,-1.224591,-0.62459105,0.7754089,-1.4245911,-0.92459106,-0.32459107,3.475409,3.975409,2.375409,1.3754089,0.87540895,0.27540892,-0.42459106,-0.82459104,-1.224591,-1.5245911
1.675409,-6.824591,8.075409,7.2754087,8.875409,13.475409,7.575409,2.1754088,2.475409,2.075409,11.475409,13.775409,-1.824591,0.37540895,-1.724591,0.27540892,0.87540895,4.7754087,-4.924591,-1.6245911,0.37540895,2.075409,-2.224591,1.275409,1.3754089,1.175409,1.0754089,3.275409,5.075409,0.17540893,2.075409,2.075409,1.3754089,-7.424591,-4.324591,-0.5245911,-0.62459105,-2.724591,1.0754089,-1.224591,0.47540894,0.67540896,-1.224591,-0.82459104,-4.424591,0.9754089,1.8754089,2.875409,5.7754087,1.675409,1.775409,1.175409,0.47540894,-0.22459106,-0.42459106,-1.1245911,-1.724591,-2.024591,-2.224591
2.975409,3.075409,9.675409,6.075409,8.275409,6.675409,9.575409,5.575409,-2.424591,2.075409,1.175409,5.975409,1.9754089,-1.6245911,-0.12459107,0.37540895,0.47540894,-8.924591,-0.82459104,3.375409,-1.324591,-0.5245911,0.67540896,-0.42459106,2.575409,1.0754089,-0.5245911,1.675409,0.67540896,4.7754087,-2.924591,-0.92459106,-1.4245911,-9.824591,-9.624591,-0.32459107,0.7754089,1.175409,1.275409,-8.124591,-0.92459106,1.9754089,4.175409,3.1754088,1.5754089,5.675409,5.175409,3.575409,5.175409,3.1754088,-0.024591064,0.87540895,0.27540892,-0.22459106,-1.324591,-1.824591,-2.124591,-2.124591,-2.024591
9.675409,4.2754087,8.275409,8.275409,6.975409,6.2754087,7.975409,6.875409,10.675409,9.675409,-3.524591,-1.5245911,-3.124591,2.575409,1.4754089,0.37540895,1.4754089,-3.424591,3.875409,1.5754089,0.57540894,1.675409,3.575409,1.275409,3.275409,8.475409,5.7754087,1.175409,0.87540895,3.275409,0.9754089,0.37540895,3.375409,6.675409,2.975409,2.475409,-1.0245911,-1.724591,2.075409,-0.82459104,0.9754089,0.075408936,2.375409,3.575409,3.975409,3.775409,4.475409,6.2754087,3.1754088,1.175409,1.4754089,0.17540893,0.27540892,-0.12459107,0.075408936,-0.92459106,-2.224591,-2.224591,-2.124591
7.975409,7.975409,6.675409,7.175409,5.675409,7.475409,5.2754087,8.175409,8.175409,3.075409,1.0754089,-0.32459107,-4.624591,-8.024591,-4.524591,-5.024591,-3.3245912,1.8754089,5.075409,-0.42459106,-0.42459106,7.475409,3.575409,5.975409,1.275409,-2.224591,5.475409,1.775409,1.0754089,-1.824591,2.1754088,-0.62459105,3.575409,3.6754088,4.675409,-0.7245911,-2.624591,0.67540896,7.075409,0.075408936,0.7754089,0.7754089,0.57540894,2.975409,2.1754088,-0.92459106,5.2754087,5.175409,3.275409,1.775409,-0.22459106,-0.42459106,-0.22459106,-0.62459105,-0.82459104,-1.1245911,-1.5245911,-2.024591,-2.3245912
6.875409,6.675409,6.675409,6.675409,9.575409,6.975409,4.375409,4.375409,5.175409,4.2754087,1.5754089,0.87540895,4.975409,-1.0245911,-2.524591,5.075409,1.0754089,3.275409,4.175409,1.275409,0.57540894,2.275409,-5.524591,0.075408936,3.275409,5.175409,0.57540894,1.9754089,0.37540895,-0.82459104,-1.324591,2.075409,0.7754089,3.975409,9.075409,6.7754087,12.875409,2.575409,3.1754088,1.775409,-0.32459107,0.37540895,1.675409,-0.22459106,7.075409,13.475409,7.475409,4.175409,3.275409,0.67540896,-0.42459106,-1.0245911,-1.5245911,-1.1245911,-0.82459104,-0.82459104,-0.92459106,-1.9245911,-1.6245911
5.7754087,5.575409,5.375409,6.175409,7.675409,9.675409,6.475409,6.175409,6.675409,7.575409,4.7754087,2.6754088,2.375409,4.575409,5.675409,2.475409,2.375409,0.17540893,-0.024591064,0.075408936,0.87540895,-2.3245912,1.175409,-0.32459107,2.575409,-1.0245911,-0.42459106,-2.8245912,-1.224591,-0.5245911,0.7754089,-4.924591,-3.024591,1.8754089,2.375409,6.875409,9.475409,6.575409,-0.32459107,0.17540893,0.075408936,-0.62459105,0.7754089,6.7754087,11.075409,9.175409,7.075409,5.075409,1.775409,-0.5245911,-1.1245911,-1.9245911,-1.5245911,-1.1245911,-1.324591,-1.4245911,-1.224591,-1.1245911,-0.82459104
5.2754087,4.075409,2.575409,1.8754089,5.175409,8.775409,10.375409,8.275409,6.075409,6.375409,4.475409,0.47540894,1.8754089,2.6754088,2.275409,0.87540895,1.0754089,2.1754088,4.875409,3.6754088,0.27540892,-0.42459106,-2.024591,-1.224591,-0.92459106,-0.42459106,0.57540894,-0.62459105,0.7754089,1.4754089,1.3754089,0.87540895,0.9754089,-2.3245912,-2.024591,0.17540893,3.775409,7.375409,-0.92459106,-4.524591,-2.024591,-0.62459105,3.775409,8.575409,8.675409,6.7754087,6.7754087,4.7754087,0.87540895,0.075408936,-0.82459104,-2.024591,-2.124591,-1.9245911,-1.1245911,-1.1245911,-1.324591,-1.0245911,-0.62459105
3.875409,3.975409,3.075409,1.675409,-0.024591064,3.6754088,6.375409,10.075409,7.175409,5.075409,0.37540895,2.475409,3.775409,3.775409,1.675409,0.9754089,0.47540894,-0.22459106,-0.42459106,1.175409,4.075409,1.0754089,0.7754089,-3.024591,0.7754089,0.7754089,-0.42459106,-0.024591064,0.27540892,1.0754089,0.37540895,2.475409,7.875409,-0.12459107,-7.024591,-4.124591,1.8754089,2.375409,3.775409,4.2754087,2.875409,7.475409,8.175409,7.475409,5.875409,4.475409,4.375409,2.475409,0.67540896,0.47540894,-1.0245911,-1.0245911,-1.324591,-1.5245911,-1.1245911,-1.5245911,-0.92459106,-1.324591,-0.82459104
4.075409,3.975409,3.6754088,3.875409,-2.924591,-5.424591,2.1754088,4.075409,4.675409,1.5754089,-1.6245911,-1.224591,1.5754089,3.875409,3.875409,0.67540896,1.275409,0.075408936,0.47540894,0.27540892,0.87540895,1.5754089,0.67540896,0.17540893,0.47540894,1.175409,0.47540894,0.67540896,0.37540895,0.47540894,-0.92459106,4.2754087,2.075409,1.5754089,4.7754087,0.27540892,-0.32459107,0.57540894,7.2754087,7.575409,9.375409,7.675409,9.075409,4.975409,4.175409,3.6754088,1.8754089,1.175409,0.47540894,-0.7245911,-0.7245911,-1.0245911,-1.724591,-1.724591,-1.6245911,-0.7245911,-0.82459104,-0.42459106,-0.32459107
3.875409,3.775409,3.875409,3.875409,3.075409,-14.724591,-14.524591,-3.8245912,-0.82459104,-1.9245911,-2.724591,-0.7245911,-1.824591,-4.2245913,-1.824591,2.275409,0.7754089,1.8754089,2.875409,1.0754089,0.7754089,-0.024591064,0.27540892,0.37540895,-0.7245911,-0.024591064,-0.12459107,1.0754089,-0.22459106,0.47540894,-1.324591,0.7754089,1.5754089,4.075409,7.2754087,-0.12459107,0.17540893,1.675409,-1.724591,6.675409,6.475409,8.775409,6.2754087,4.975409,3.475409,2.875409,1.0754089,0.17540893,-0.42459106,-1.0245911,-1.9245911,-1.724591,-1.9245911,-1.724591,-1.824591,-1.324591,-0.92459106,0.27540892,0.37540895
4.075409,3.975409,3.975409,3.275409,3.075409,-0.62459105,-2.424591,-3.024591,0.27540892,-2.3245912,-0.5245911,0.9754089,-0.024591064,-0.7245911,-4.524591,5.2754087,-0.024591064,0.7754089,0.57540894,0.27540892,0.47540894,0.17540893,4.2754087,6.075409,0.57540894,0.87540895,0.17540893,0.87540895,-1.224591,0.67540896,1.275409,1.0754089,4.975409,3.575409,2.275409,1.175409,0.17540893,-1.1245911,3.475409,3.975409,7.075409,9.075409,7.575409,5.375409,3.475409,0.57540894,1.4754089,1.4754089,0.7754089,-0.22459106,-1.0245911,-1.324591,-1.6245911,-1.4245911,-0.7245911,-0.92459106,-0.92459106,-0.5245911,0.27540892
3.975409,3.475409,3.1754088,3.475409,3.375409,2.575409,0.47540894,-2.624591,-4.524591,-0.82459104,0.17540893,-0.92459106,0.7754089,0.17540893,-0.024591064,-0.024591064,6.875409,1.0754089,-0.12459107,-0.12459107,0.37540895,0.67540896,-0.7245911,-1.724591,-0.12459107,0.9754089,-0.7245911,-0.7245911,0.87540895,0.7754089,-1.1245911,-0.024591064,-0.32459107,-0.12459107,-1.224591,0.37540895,-1.5245911,1.4754089,4.675409,7.375409,6.7754087,4.7754087,6.475409,5.7754087,4.875409,2.475409,-0.024591064,-0.5245911,-0.62459105,0.27540892,0.27540892,-0.42459106,-1.324591,-1.5245911,-1.724591,-0.92459106,-1.1245911,-0.7245911,0.17540893
3.975409,3.875409,4.375409,4.075409,2.6754088,2.1754088,2.375409,-2.3245912,-4.7245913,-1.6245911,-3.624591,-0.22459106,-1.824591,1.0754089,0.7754089,-5.624591,-0.32459107,1.0754089,2.775409,1.9754089,0.87540895,3.775409,5.175409,-0.12459107,-0.024591064,-1.5245911,1.4754089,-0.5245911,3.375409,1.275409,-0.12459107,0.27540892,0.17540893,3.575409,2.275409,2.275409,0.9754089,-0.22459106,-1.5245911,6.375409,7.575409,7.675409,5.375409,4.375409,3.575409,1.275409,1.4754089,1.0754089,1.5754089,0.37540895,0.17540893,-1.0245911,-3.3245912,-3.224591,-2.3245912,-2.024591,-1.324591,-0.22459106,-0.024591064
4.875409,4.475409,4.575409,2.475409,2.1754088,2.6754088,2.975409,0.57540894,-4.324591,-4.924591,-4.024591,-2.524591,2.275409,2.1754088,1.5754089,-0.32459107,-0.32459107,0.37540895,1.8754089,0.9754089,1.5754089,0.17540893,-2.224591,-0.024591064,0.87540895,1.275409,1.9754089,0.7754089,-1.724591,-1.324591,-0.32459107,1.175409,2.1754088,2.775409,1.675409,3.575409,2.275409,2.975409,5.175409,5.875409,6.7754087,6.175409,4.975409,3.975409,2.875409,4.075409,5.2754087,4.475409,4.175409,0.9754089,0.37540895,-0.12459107,-0.42459106,-1.324591,-2.524591,-2.3245912,-1.5245911,-1.0245911,-0.62459105
5.2754087,4.375409,3.6754088,3.275409,2.975409,3.075409,3.375409,4.075409,0.47540894,-1.4245911,-2.524591,-1.224591,0.67540896,-0.5245911,0.9754089,0.47540894,0.17540893,2.775409,0.37540895,0.87540895,0.7754089,1.0754089,-0.42459106,-2.724591,0.87540895,1.0754089,0.9754089,1.175409,0.27540892,0.075408936,0.17540893,1.175409,0.17540893,1.5754089,2.1754088,0.37540895,0.67540896,5.575409,6.075409,1.775409,5.7754087,5.375409,5.475409,5.975409,5.875409,5.875409,6.575409,5.7754087,4.975409,2.6754088,1.4754089,0.27540892,-0.82459104,-0.92459106,-1.6245911,-1.6245911,-1.9245911,-1.9245911,-0.7245911
6.075409,4.675409,4.7754087,4.375409,4.375409,4.7754087,5.475409,5.575409,5.875409,5.2754087,3.375409,2.075409,1.5754089,0.37540895,0.17540893,0.27540892,0.47540894,-0.42459106,0.47540894,0.57540894,0.075408936,1.9754089,4.075409,7.475409,0.57540894,0.67540896,1.8754089,2.075409,2.375409,0.47540894,1.4754089,-0.12459107,0.47540894,0.9754089,3.1754088,0.37540895,0.47540894,1.0754089,1.3754089,4.575409,5.175409,5.575409,5.375409,5.875409,5.7754087,5.7754087,5.175409,5.2754087,5.175409,3.075409,2.075409,1.0754089,-0.12459107,-0.32459107,0.27540892,-1.6245911,-1.824591,-1.5245911,-1.4245911
6.2754087,5.2754087,5.075409,4.7754087,5.675409,5.175409,4.575409,3.6754088,3.6754088,3.475409,3.975409,3.275409,2.1754088,1.9754089,2.1754088,0.075408936,-0.62459105,-1.224591,-0.92459106,-1.324591,0.47540894,0.87540895,-0.22459106,0.67540896,1.8754089,1.8754089,1.4754089,1.775409,0.9754089,0.47540894,3.875409,1.775409,1.275409,0.075408936,-0.62459105,-0.22459106,2.875409,0.9754089,0.47540894,4.375409,5.475409,4.975409,4.975409,5.175409,5.075409,4.175409,5.175409,5.875409,4.575409,3.6754088,2.875409,1.8754089,0.67540896,0.47540894,0.27540892,-0.7245911,-1.824591,-2.024591,-2.124591
5.575409,6.075409,5.875409,5.475409,5.475409,4.675409,4.075409,3.975409,3.875409,3.975409,3.375409,3.075409,2.775409,1.175409,1.175409,-0.024591064,0.17540893,-2.3245912,-0.62459105,-1.0245911,-0.7245911,1.675409,-0.22459106,-0.92459106,1.5754089,0.17540893,-0.62459105,0.075408936,1.675409,-0.22459106,-1.9245911,-1.224591,2.475409,-0.22459106,0.87540895,2.6754088,0.9754089,1.3754089,3.275409,2.475409,5.475409,5.2754087,4.875409,5.075409,5.175409,5.975409,4.7754087,5.575409,4.575409,3.975409,3.575409,2.475409,1.675409,1.0754089,0.57540894,-0.32459107,-1.4245911,-1.824591,-1.324591
5.475409,5.375409,5.7754087,5.975409,5.7754087,5.675409,5.375409,5.375409,4.575409,3.1754088,2.6754088,1.4754089,0.37540895,2.575409,-0.024591064,-0.32459107,-1.4245911,0.47540894,-1.1245911,-0.5245911,-0.42459106,0.87540895,1.0754089,0.17540893,0.67540896,-0.92459106,-0.42459106,-0.22459106,5.175409,3.875409,3.075409,1.175409,1.175409,1.175409,2.275409,1.175409,1.275409,1.275409,0.47540894,1.0754089,5.875409,6.175409,6.075409,5.7754087,5.2754087,5.175409,4.075409,4.575409,4.975409,4.075409,4.075409,3.975409,2.575409,1.9754089,0.075408936,-0.12459107,0.17540893,-0.62459105,-0.92459106
5.375409,6.375409,6.875409,6.075409,5.475409,5.2754087,5.575409,5.075409,3.6754088,2.875409,2.1754088,1.675409,1.675409,2.275409,3.275409,-0.82459104,-0.32459107,-0.42459106,-0.5245911,-1.4245911,-1.1245911,-0.82459104,-0.12459107,0.57540894,-0.62459105,0.87540895,2.575409,2.475409,1.4754089,3.6754088,2.6754088,-0.22459106,1.9754089,-0.42459106,4.075409,-0.32459107,0.57540894,1.775409,1.275409,1.4754089,6.7754087,6.475409,6.7754087,5.975409,4.675409,3.975409,2.1754088,2.975409,3.775409,5.675409,5.875409,5.875409,4.875409,2.6754088,1.4754089,0.17540893,-0.22459106,-0.024591064,0.9754089
5.475409,5.475409,5.575409,5.975409,6.175409,5.675409,5.475409,4.875409,3.875409,3.375409,3.275409,2.575409,1.5754089,0.9754089,1.175409,-0.22459106,1.0754089,0.37540895,0.075408936,-0.22459106,-2.124591,-2.224591,0.075408936,1.175409,-0.22459106,1.175409,1.275409,2.6754088,0.47540894,0.87540895,3.075409,3.575409,6.375409,3.075409,-0.22459106,0.9754089,-0.024591064,1.675409,1.175409,-0.62459105,2.375409,6.975409,7.475409,6.475409,5.875409,3.575409,0.67540896,0.47540894,5.7754087,7.7754087,8.475409,7.575409,6.675409,4.975409,1.5754089,0.67540896,0.075408936,0.57540894,1.675409
4.075409,4.475409,5.575409,5.875409,6.2754087,6.575409,5.675409,5.475409,5.575409,4.7754087,4.075409,3.475409,2.6754088,2.6754088,0.37540895,0.47540894,-0.92459106,0.47540894,-0.22459106,0.9754089,-0.42459106,-1.0245911,0.87540895,0.17540893,0.87540895,1.4754089,0.47540894,0.7754089,1.4754089,0.9754089,2.875409,3.975409,2.1754088,2.775409,1.0754089,-1.4245911,1.275409,2.1754088,0.67540896,0.9754089,0.9754089,6.975409,7.875409,6.375409,5.175409,2.275409,-1.4245911,-3.024591,2.975409,8.675409,10.775409,9.775409,8.375409,6.475409,2.775409,0.47540894,0.47540894,0.47540894,1.5754089
4.175409,4.475409,4.975409,5.7754087,6.075409,5.875409,6.475409,6.475409,6.375409,6.975409,6.175409,5.575409,4.875409,0.9754089,-1.0245911,1.3754089,3.575409,-0.22459106,2.075409,1.5754089,-0.7245911,0.075408936,-0.024591064,0.47540894,1.3754089,3.075409,2.6754088,0.7754089,0.57540894,2.1754088,4.575409,3.6754088,3.775409,0.9754089,1.4754089,0.9754089,0.37540895,1.175409,1.275409,0.47540894,1.775409,7.2754087,7.375409,6.175409,6.375409,3.375409,-0.22459106,-0.92459106,0.67540896,-0.22459106,14.475409,10.675409,8.975409,7.175409,4.2754087,0.37540895,-0.12459107,0.27540892,0.87540895
