static/v-component.json
{"header": { "discipline":0, "disciplineName":"Meteorological products", "gribEdition":2, "gribLength":54844, "center":7, "centerName":"US National Weather Service - NCEP(WMC)", "subcenter":0, "refTime":"2022-04-09T12:00:00.000Z", "significanceOfRT":1, "significanceOfRTName":"Start of forecast", "productStatus":0, "productStatusName":"Operational products", "productType":1, "productTypeName":"Forecast products", "productDefinitionTemplate":0, "productDefinitionTemplateName":"Analysis/forecast at horizontal level/layer at a point in time", "parameterCategory":2, "parameterCategoryName":"Momentum", "parameterNumber":3, "parameterNumberName":"V-component_of_wind", "parameterUnit":"m.s-1", "genProcessType":2, "genProcessTypeName":"Forecast", "forecastTime":6, "surface1Type":220, "surface1TypeName":"Planetary Boundary Layer", "surface1Value":0.0, "surface2Type":255, "surface2TypeName":"Missing", "surface2Value":0.0, "gridDefinitionTemplate":0, "gridDefinitionTemplateName":"Latitude_Longitude", "numberPoints":65160, "shape":6, "shapeName":"Earth spherical with radius of 6,371,229.0 m", "gridUnits":"degrees", "resolution":48, "winds":"true", "scanMode":0, "nx":360, "ny":181, "basicAngle":0, "lo1":0.0, "la1":90.0, "lo2":359.0, "la2":-90.0, "dx":1.0, "dy":1.0 }, "data":
[rows 130 to 155 of 181, columns 59 to 117 of 360]
0.17540893,0.27540892,0.57540894,0.87540895,1.175409,1.8754089,2.075409,2.775409,3.775409,5.7754087,6.875409,5.2754087,-8.024591,-8.024591,-10.424591,-10.924591,-12.524591,-13.824591,-10.124591,-11.724591,-11.424591,-11.124591,-9.724591,-8.424591,-7.2245913,-5.624591,-4.7245913,-3.724591,-2.724591,-1.6245911,0.075408936,2.375409,4.875409,5.975409,7.375409,7.475409,6.175409,9.375409,10.575409,9.875409,9.375409,9.375409,9.275409,9.375409,10.475409,11.375409,11.375409,11.375409,11.675409,12.275409,12.475409,12.375409,12.575409,12.975409,11.375409,7.875409,4.7754087,3.6754088,-2.924591
-0.92459106,-1.324591,-1.5245911,-1.224591,-0.92459106,-0.42459106,0.57540894,1.275409,1.675409,2.6754088,3.475409,4.075409,5.675409,-6.424591,-10.124591,-11.524591,-13.524591,-12.924591,-12.824591,-11.524591,-11.424591,-12.024591,-11.224591,-9.624591,-7.924591,-6.624591,-5.7245913,-4.424591,-3.024591,-1.0245911,-0.7245911,1.275409,4.175409,4.975409,5.7754087,6.675409,5.875409,6.375409,6.7754087,10.775409,8.875409,8.675409,8.475409,9.175409,9.575409,10.775409,10.475409,10.775409,11.275409,11.675409,11.975409,12.375409,12.575409,12.275409,11.075409,7.875409,5.375409,1.3754089,-1.324591
-1.9245911,-2.124591,-2.924591,-3.224591,-3.3245912,-2.8245912,-1.9245911,-1.1245911,-0.12459107,0.57540894,1.0754089,1.675409,2.275409,4.875409,6.975409,-11.524591,-13.824591,-14.324591,-10.824591,-11.524591,-11.924591,-11.224591,-11.324591,-10.724591,-9.024591,-7.624591,-5.624591,-4.7245913,-3.524591,-1.824591,-0.62459105,-0.22459106,1.4754089,3.375409,4.175409,5.475409,6.375409,6.075409,5.7754087,6.875409,8.575409,8.275409,7.875409,8.175409,9.175409,10.375409,9.775409,10.675409,10.575409,11.475409,11.375409,10.775409,12.075409,12.175409,12.375409,8.475409,3.475409,4.375409,3.075409
-3.524591,-3.924591,-4.2245913,-4.7245913,-5.024591,-5.024591,-5.024591,-4.2245913,-3.024591,-1.9245911,-1.0245911,0.47540894,-0.7245911,-1.0245911,2.6754088,4.975409,4.375409,-10.124591,-11.824591,-12.624591,-12.824591,-11.924591,-11.524591,-11.024591,-10.524591,-9.024591,-8.024591,-7.024591,-3.8245912,-2.924591,-1.6245911,-0.42459106,0.17540893,1.675409,2.975409,3.575409,5.175409,6.075409,4.975409,4.475409,8.375409,7.675409,7.375409,7.875409,8.475409,9.475409,9.775409,10.275409,10.575409,11.375409,11.075409,11.175409,10.475409,11.275409,10.175409,3.975409,4.7754087,0.67540896,-2.524591
-5.424591,-5.524591,-6.124591,-6.7245913,-7.124591,-7.2245913,-6.824591,-6.024591,-4.824591,-3.3245912,-2.624591,-2.024591,-1.724591,-2.624591,-2.224591,0.7754089,3.275409,4.975409,5.375409,-12.824591,-12.224591,-13.924591,-10.824591,-10.724591,-10.324591,-9.824591,-9.224591,-8.324591,-6.524591,-4.7245913,-2.924591,-1.5245911,-0.22459106,-0.024591064,1.4754089,2.6754088,3.775409,4.7754087,4.7754087,3.075409,2.6754088,5.675409,6.2754087,7.075409,7.475409,8.575409,9.175409,9.775409,10.275409,11.175409,10.775409,9.675409,9.075409,5.375409,3.875409,4.075409,3.1754088,-0.62459105,-1.6245911
-5.2245913,-8.024591,-9.324591,-8.924591,-8.524591,-9.124591,-8.324591,-6.424591,-6.024591,-4.7245913,-3.924591,-3.524591,-3.424591,-3.3245912,-4.624591,-2.524591,0.075408936,1.8754089,3.1754088,4.675409,-7.2245913,-11.424591,-14.924591,-14.024591,-10.124591,-10.124591,-9.424591,-9.024591,-8.424591,-7.624591,-5.524591,-3.624591,-1.9245911,-0.32459107,0.17540893,1.4754089,2.1754088,2.475409,3.375409,1.8754089,1.4754089,2.075409,3.975409,3.975409,5.075409,6.575409,8.575409,9.175409,9.175409,10.375409,10.275409,7.175409,4.575409,-0.62459105,-1.224591,-0.22459106,1.0754089,0.27540892,-0.22459106
-2.524591,-5.924591,-9.724591,-11.224591,-11.924591,-12.324591,-11.524591,-10.124591,-7.324591,-6.324591,-4.024591,-4.124591,-3.924591,-4.824591,-6.024591,-4.124591,-1.724591,-0.7245911,0.67540896,2.975409,3.6754088,5.875409,-11.624591,-14.024591,-14.524591,-13.424591,-12.324591,-11.024591,-9.724591,-9.224591,-8.424591,-7.424591,-6.2245913,-1.324591,-0.42459106,0.7754089,0.075408936,-0.12459107,2.575409,1.9754089,1.175409,0.47540894,1.4754089,1.8754089,2.875409,4.675409,6.975409,8.375409,8.975409,9.675409,8.475409,5.675409,5.075409,-1.224591,-2.524591,-3.024591,-1.9245911,-1.724591,-0.7245911
-0.62459105,-2.124591,-8.624591,-12.024591,-15.024591,-15.024591,-13.824591,-11.824591,-10.024591,-9.024591,-6.024591,-4.2245913,-2.524591,-4.624591,-7.024591,-6.624591,-6.024591,-3.3245912,-3.024591,-1.0245911,1.675409,3.575409,4.375409,-11.424591,-13.524591,-13.724591,-13.324591,-12.324591,-11.124591,-11.024591,-10.024591,-9.524591,-9.124591,-7.024591,-2.3245912,-1.0245911,-1.4245911,-1.4245911,-0.7245911,1.0754089,0.9754089,-0.7245911,-1.324591,-0.7245911,1.3754089,2.575409,4.075409,5.675409,6.475409,7.2754087,9.575409,2.6754088,0.57540894,-3.3245912,-4.2245913,-4.924591,-4.424591,-3.224591,-2.224591
-1.0245911,-1.724591,-9.724591,-12.024591,-15.124591,-18.72459,-15.424591,-13.524591,-10.724591,-8.124591,-6.924591,-6.024591,-3.724591,-1.224591,-4.2245913,-9.124591,-10.224591,-7.524591,-4.924591,-3.024591,-0.32459107,1.5754089,3.275409,3.1754088,-8.324591,-12.324591,-13.624591,-11.924591,-10.824591,-8.524591,-8.424591,-9.424591,-9.724591,-9.724591,-7.524591,-3.3245912,-3.124591,-2.224591,-1.724591,-1.4245911,1.5754089,0.57540894,-2.124591,-2.724591,-1.324591,0.7754089,1.3754089,3.275409,4.2754087,5.375409,6.475409,5.2754087,3.275409,-3.124591,-4.524591,-3.8245912,-3.424591,-3.924591,-2.624591
-1.6245911,-3.3245912,-5.024591,-16.124592,-16.524591,-15.824591,-14.724591,-12.624591,-10.024591,-9.224591,-6.524591,-5.424591,-4.824591,-3.424591,-2.524591,-3.8245912,-5.824591,-8.024591,-6.2245913,-4.2245913,-3.124591,-1.0245911,0.87540895,2.975409,1.8754089,-3.924591,-9.024591,-10.424591,-10.824591,-10.524591,-9.024591,-7.124591,-6.824591,-7.7245913,-8.224591,-6.024591,-5.824591,-4.424591,-3.724591,-2.624591,-2.8245912,-1.1245911,-2.224591,-3.3245912,-4.324591,-2.624591,-1.0245911,0.9754089,1.9754089,2.475409,3.575409,3.6754088,1.275409,-3.024591,-4.824591,-5.124591,-1.9245911,-1.4245911,-0.92459106
-1.824591,-3.024591,-7.024591,-19.924591,-15.624591,-14.824591,-12.824591,-11.124591,-9.924591,-9.024591,-7.624591,-5.624591,-4.824591,-3.624591,-3.624591,-2.624591,-7.524591,-10.324591,-9.524591,-7.424591,-5.324591,-4.524591,-2.924591,-1.0245911,0.57540894,1.0754089,-1.1245911,-5.624591,-8.024591,-8.524591,-9.124591,-9.924591,-8.824591,-7.7245913,-6.924591,-5.424591,-6.424591,-7.124591,-6.524591,-4.7245913,-4.624591,-3.024591,-3.424591,-4.924591,-5.124591,-5.524591,-3.224591,-2.224591,-0.62459105,0.27540892,0.57540894,1.175409,0.27540892,-2.524591,-4.924591,-4.624591,-2.924591,-1.824591,-0.024591064
-3.024591,-8.924591,-12.124591,-11.624591,-11.924591,-10.824591,-10.024591,-8.724591,-8.224591,-7.824591,-7.524591,-6.124591,-4.324591,-2.8245912,-4.7245913,-3.524591,-6.924591,-11.424591,-10.424591,-9.324591,-7.124591,-6.524591,-4.824591,-3.224591,-1.9245911,-0.42459106,1.3754089,1.775409,-1.324591,-6.024591,-7.624591,-8.224591,-8.624591,-9.624591,-9.924591,-8.024591,-7.024591,-7.524591,-5.924591,-6.524591,-6.924591,-5.624591,-4.824591,-5.524591,-6.7245913,-6.7245913,-6.524591,-4.524591,-2.8245912,-2.024591,-2.224591,-1.5245911,-0.42459106,-2.724591,-4.2245913,-4.424591,-3.524591,-3.3245912,-1.824591
-0.5245911,-2.924591,-4.2245913,-4.924591,-5.624591,-6.324591,-6.424591,-5.424591,-5.424591,-5.924591,-6.524591,-4.824591,-3.224591,-3.3245912,-4.024591,-4.024591,-6.524591,-13.024591,-11.124591,-10.824591,-10.224591,-8.924591,-6.7245913,-5.324591,-2.524591,-1.6245911,-0.024591064,1.4754089,2.275409,-0.12459107,-5.7245913,-8.024591,-7.924591,-8.324591,-9.024591,-9.624591,-8.724591,-8.424591,-7.324591,-7.024591,-7.424591,-7.7245913,-7.824591,-7.7245913,-7.824591,-8.724591,-9.624591,-7.824591,-6.124591,-4.124591,-4.024591,-3.924591,-2.924591,-2.624591,-4.324591,-4.924591,-4.2245913,-4.824591,-3.024591
1.4754089,-0.024591064,-1.224591,-1.324591,-1.5245911,-2.124591,-2.724591,-3.124591,-3.524591,-4.524591,-4.424591,-4.024591,-3.424591,-3.724591,-0.5245911,-7.2245913,-13.424591,-11.224591,-11.024591,-9.624591,-8.524591,-8.524591,-8.024591,-6.924591,-5.624591,-2.3245912,-1.4245911,-0.5245911,0.57540894,1.175409,0.57540894,-3.3245912,-6.7245913,-7.824591,-8.024591,-8.624591,-8.824591,-7.924591,-7.7245913,-6.624591,-6.824591,-7.824591,-8.324591,-8.824591,-9.124591,-10.624591,-11.224591,-10.924591,-8.924591,-6.624591,-4.7245913,-5.124591,-4.924591,-2.924591,-3.224591,-5.424591,-4.7245913,-3.924591,-3.024591
2.075409,0.9754089,0.17540893,-0.12459107,-0.42459106,-1.1245911,-1.324591,-1.6245911,-1.824591,-2.3245912,-2.724591,-2.8245912,-3.424591,-4.2245913,-5.524591,-7.024591,-8.624591,-10.524591,-11.224591,-10.324591,-9.524591,-7.424591,-7.2245913,-7.024591,-6.024591,-4.624591,-3.424591,-2.024591,-1.4245911,-0.82459104,0.57540894,1.0754089,-0.024591064,-3.724591,-6.324591,-7.024591,-8.024591,-8.524591,-8.024591,-7.924591,-6.7245913,-6.524591,-9.124591,-10.224591,-10.624591,-11.324591,-13.324591,-13.424591,-11.524591,-8.324591,-5.7245913,-6.324591,-7.024591,-5.524591,-4.624591,-5.024591,-5.824591,-4.2245913,-2.524591
4.575409,3.775409,2.975409,2.1754088,1.9754089,1.675409,0.87540895,0.075408936,-0.92459106,-1.6245911,-2.3245912,-2.724591,-3.3245912,-3.924591,-5.024591,-6.424591,-7.7245913,-8.824591,-9.724591,-10.124591,-9.924591,-9.424591,-8.424591,-7.7245913,-8.524591,-7.124591,-5.824591,-4.924591,-3.124591,-2.624591,-1.1245911,-0.5245911,0.47540894,1.175409,-0.32459107,-3.224591,-4.924591,-6.124591,-7.124591,-7.824591,-7.624591,-6.924591,-7.624591,-10.324591,-11.824591,-12.624591,-14.924591,-15.924591,-12.824591,-10.424591,-7.524591,-5.924591,-6.524591,-7.024591,-5.524591,-5.424591,-5.2245913,-3.224591,-2.524591
5.2754087,5.075409,5.175409,4.975409,4.675409,4.175409,3.375409,2.475409,1.775409,0.67540896,-0.32459107,-1.5245911,-2.924591,-4.2245913,-5.024591,-6.024591,-9.324591,-9.024591,-9.324591,-9.324591,-9.324591,-9.324591,-9.224591,-9.024591,-8.624591,-7.924591,-8.524591,-7.024591,-5.624591,-5.124591,-3.624591,-1.6245911,-0.12459107,1.0754089,2.275409,0.9754089,-1.724591,-4.7245913,-6.424591,-6.824591,-7.924591,-8.424591,-8.124591,-9.524591,-12.324591,-14.524591,-17.72459,-17.424591,-15.624591,-12.824591,-9.924591,-9.524591,-8.724591,-8.424591,-7.424591,-5.924591,-5.524591,-5.2245913,-2.724591
6.175409,6.075409,6.375409,6.075409,5.575409,5.475409,5.375409,4.575409,3.775409,2.875409,1.775409,0.87540895,-0.12459107,-2.8245912,-4.824591,-6.624591,-7.924591,-8.624591,-9.524591,-9.624591,-9.624591,-9.624591,-9.524591,-9.424591,-9.124591,-8.624591,-8.124591,-7.524591,-6.124591,-5.324591,-4.524591,-3.624591,-1.9245911,0.37540895,2.375409,2.575409,0.57540894,-2.8245912,-5.524591,-7.124591,-7.624591,-8.224591,-8.524591,-10.224591,-13.724591,-16.124592,-19.424591,-18.124592,-17.024591,-15.324591,-12.624591,-9.324591,-10.324591,-10.024591,-8.424591,-7.124591,-6.624591,-4.924591,-2.724591
5.2754087,5.675409,6.675409,7.375409,7.175409,6.675409,6.375409,6.175409,5.7754087,5.075409,3.975409,3.075409,1.4754089,-0.5245911,-2.624591,-4.424591,-5.7245913,-8.624591,-9.224591,-9.524591,-9.524591,-9.424591,-9.324591,-9.324591,-9.624591,-9.724591,-8.524591,-6.324591,-6.524591,-6.2245913,-4.824591,-3.424591,-2.124591,-0.12459107,0.9754089,2.975409,2.975409,0.37540895,-3.524591,-6.524591,-8.124591,-8.824591,-10.924591,-12.724591,-15.724591,-19.32459,-19.424591,-18.72459,-17.124592,-14.824591,-12.724591,-12.224591,-11.324591,-10.524591,-8.924591,-7.624591,-6.024591,-3.924591,-2.3245912
6.175409,7.2754087,6.375409,6.075409,8.775409,8.175409,7.975409,7.975409,8.275409,7.2754087,5.675409,4.375409,2.775409,1.675409,-0.024591064,-2.8245912,-5.2245913,-7.024591,-8.124591,-9.024591,-10.024591,-10.424591,-9.324591,-9.924591,-9.924591,-10.624591,-9.524591,-7.424591,-6.424591,-5.924591,-5.124591,-3.8245912,-2.624591,-0.32459107,1.275409,1.675409,2.375409,2.6754088,-0.62459105,-5.324591,-8.124591,-10.724591,-13.624591,-16.524591,-18.82459,-19.124592,-18.82459,-17.524591,-17.32459,-17.32459,-15.424591,-14.424591,-12.624591,-11.624591,-9.824591,-8.224591,-6.824591,-4.2245913,-2.124591
6.375409,5.975409,3.775409,7.375409,8.875409,9.075409,9.075409,10.175409,10.775409,9.975409,8.175409,5.7754087,3.575409,1.675409,0.075408936,-1.224591,-3.724591,-7.7245913,-7.924591,-8.724591,-9.124591,-9.024591,-9.524591,-10.824591,-11.524591,-11.124591,-11.024591,-10.424591,-9.424591,-8.224591,-7.424591,-6.424591,-4.124591,-2.124591,-0.024591064,-1.0245911,0.7754089,-0.82459104,-1.6245911,-5.924591,-11.124591,-14.124591,-17.624592,-18.624592,-18.424591,-19.72459,-18.924591,-18.424591,-17.72459,-16.424591,-16.424591,-15.124591,-13.224591,-11.324591,-10.124591,-9.024591,-7.524591,-4.924591,-3.024591
6.675409,6.7754087,2.1754088,5.575409,9.375409,9.675409,10.775409,12.675409,13.275409,11.675409,9.475409,7.175409,4.375409,1.9754089,0.47540894,2.975409,-3.424591,-11.724591,-9.524591,-8.824591,-8.424591,-8.224591,-7.324591,-7.324591,-9.324591,-11.724591,-11.524591,-10.424591,-9.324591,-8.724591,-7.424591,-7.124591,-5.7245913,-3.424591,-2.424591,-4.7245913,-3.424591,-6.124591,-4.624591,-4.924591,-4.7245913,-7.524591,-11.924591,-16.424591,-18.82459,-18.72459,-18.72459,-19.024591,-19.024591,-18.424591,-16.524591,-14.624591,-13.124591,-12.524591,-11.524591,-9.324591,-7.2245913,-5.024591,-3.124591
5.7754087,5.975409,0.17540893,5.675409,9.375409,11.075409,13.575409,13.375409,13.075409,12.675409,10.475409,7.975409,4.575409,2.375409,-0.22459106,1.8754089,-7.2245913,-8.924591,-9.424591,-8.624591,-8.024591,-7.124591,-6.2245913,-6.824591,-8.124591,-8.624591,-8.024591,-12.924591,-12.124591,-10.124591,-8.424591,-7.524591,-5.624591,-2.624591,-3.424591,-7.924591,-6.524591,-6.824591,-5.624591,-3.8245912,-5.124591,-8.224591,-12.424591,-14.224591,-14.524591,-16.624592,-17.82459,-18.72459,-18.72459,-17.024591,-15.224591,-13.924591,-13.424591,-11.824591,-9.624591,-8.524591,-6.824591,-5.424591,-3.124591
3.775409,-2.124591,3.475409,6.2754087,7.7754087,10.475409,15.075409,15.975409,14.275409,13.475409,11.475409,9.775409,6.875409,3.375409,0.47540894,-1.4245911,-3.624591,-5.7245913,-6.824591,-6.824591,-7.024591,-7.324591,-7.624591,-10.024591,-9.924591,-9.724591,-8.024591,-10.024591,-12.824591,-11.824591,-10.724591,-7.624591,-5.624591,-2.524591,-5.324591,-9.224591,-8.724591,-8.524591,-7.2245913,-7.824591,-5.324591,-8.124591,-9.524591,-10.724591,-12.724591,-14.424591,-15.524591,-15.524591,-14.824591,-13.724591,-12.724591,-12.424591,-11.424591,-10.024591,-8.724591,-6.924591,-5.924591,-4.324591,-2.224591
-0.92459106,1.9754089,3.1754088,5.575409,9.275409,11.975409,14.375409,16.375408,15.475409,14.475409,12.675409,10.975409,8.275409,5.575409,2.975409,-0.024591064,-2.924591,-5.824591,-7.2245913,-7.024591,-8.124591,-9.324591,-10.224591,-9.924591,-12.624591,-12.624591,-10.324591,-11.624591,-12.624591,-12.324591,-9.624591,-7.324591,-4.624591,-4.624591,-5.2245913,-5.324591,-5.824591,-5.424591,-3.624591,-8.024591,-7.624591,-9.024591,-11.124591,-12.324591,-12.724591,-11.824591,-9.924591,-8.124591,-6.824591,-8.724591,-11.224591,-10.924591,-9.724591,-8.224591,-6.7245913,-5.624591,-4.524591,-3.624591,-2.924591
-0.82459104,-0.12459107,2.1754088,5.975409,9.175409,11.375409,13.175409,19.67541,17.17541,16.575409,14.575409,11.875409,7.7754087,5.575409,4.475409,1.8754089,-1.224591,-4.324591,-9.424591,-10.824591,-8.424591,-7.924591,-9.924591,-11.424591,-14.024591,-12.024591,-12.724591,-12.524591,-10.424591,-8.724591,-5.2245913,-1.324591,0.67540896,0.9754089,0.57540894,-0.5245911,0.075408936,-0.42459106,-3.8245912,-4.924591,-3.724591,-0.92459106,-0.5245911,1.8754089,3.6754088,2.875409,2.975409,3.1754088,3.6754088,3.6754088,3.1754088,2.475409,1.8754089,1.775409,1.275409,0.67540896,0.67540896,-0.12459107,0.17540893
