static/v-component.json
{"header": { "discipline":0, "disciplineName":"Meteorological products", "gribEdition":2, "gribLength":54844, "center":7, "centerName":"US National Weather Service - NCEP(WMC)", "subcenter":0, "refTime":"2022-04-09T12:00:00.000Z", "significanceOfRT":1, "significanceOfRTName":"Start of forecast", "productStatus":0, "productStatusName":"Operational products", "productType":1, "productTypeName":"Forecast products", "productDefinitionTemplate":0, "productDefinitionTemplateName":"Analysis/forecast at horizontal level/layer at a point in time", "parameterCategory":2, "parameterCategoryName":"Momentum", "parameterNumber":3, "parameterNumberName":"V-component_of_wind", "parameterUnit":"m.s-1", "genProcessType":2, "genProcessTypeName":"Forecast", "forecastTime":6, "surface1Type":220, "surface1TypeName":"Planetary Boundary Layer", "surface1Value":0.0, "surface2Type":255, "surface2TypeName":"Missing", "surface2Value":0.0, "gridDefinitionTemplate":0, "gridDefinitionTemplateName":"Latitude_Longitude", "numberPoints":65160, "shape":6, "shapeName":"Earth spherical with radius of 6,371,229.0 m", "gridUnits":"degrees", "resolution":48, "winds":"true", "scanMode":0, "nx":360, "ny":181, "basicAngle":0, "lo1":0.0, "la1":90.0, "lo2":359.0, "la2":-90.0, "dx":1.0, "dy":1.0 }, "data":
[rows 78 to 103 of 181, columns 59 to 117 of 360]
-0.62459105,-0.62459105,-1.0245911,-0.5245911,-0.32459107,-0.42459106,-0.62459105,-1.324591,-0.42459106,0.075408936,0.17540893,-0.12459107,0.47540894,-0.42459106,-1.0245911,-1.324591,-2.124591,0.57540894,4.575409,1.675409,0.7754089,-1.824591,-2.924591,-1.724591,1.275409,1.9754089,2.975409,2.975409,2.875409,2.575409,2.375409,1.9754089,1.275409,1.275409,0.9754089,0.67540896,0.7754089,0.57540894,-0.7245911,-2.3245912,0.27540892,3.275409,4.575409,2.775409,-0.32459107,0.37540895,2.6754088,0.075408936,1.775409,0.57540894,-0.7245911,-10.324591,-9.224591,-7.7245913,-7.024591,-7.024591,-4.624591,-2.224591,1.3754089
-1.224591,-1.224591,-0.82459104,-1.0245911,-1.1245911,-1.1245911,-0.82459104,-1.1245911,-0.7245911,-0.62459105,-0.92459106,-0.42459106,-0.12459107,-0.92459106,-1.6245911,-1.5245911,-0.024591064,3.475409,1.8754089,3.475409,0.27540892,0.27540892,-1.824591,-1.1245911,2.975409,2.775409,3.375409,3.575409,3.375409,3.075409,2.775409,2.375409,1.775409,1.175409,1.675409,1.5754089,0.9754089,-0.12459107,-1.6245911,-2.3245912,0.27540892,3.075409,3.6754088,2.875409,2.275409,0.67540896,6.875409,7.175409,4.7754087,-0.62459105,-7.7245913,-8.624591,-8.924591,-8.424591,-6.924591,-6.824591,-4.824591,-3.224591,1.0754089
-1.324591,-1.1245911,-1.1245911,-1.324591,-1.324591,-1.4245911,-0.82459104,-0.82459104,-1.6245911,-2.424591,-2.024591,-0.82459104,-0.5245911,-0.5245911,0.17540893,0.87540895,1.5754089,-0.82459104,0.9754089,-0.92459106,0.87540895,1.9754089,-1.324591,-1.324591,1.775409,2.375409,3.575409,4.875409,4.2754087,4.2754087,3.775409,3.375409,1.9754089,0.87540895,0.37540895,0.67540896,-0.12459107,-0.42459106,-0.22459106,-1.6245911,0.27540892,3.075409,3.875409,4.075409,3.375409,3.575409,5.2754087,1.9754089,2.575409,-1.324591,-5.924591,-7.624591,-8.224591,-7.324591,-6.324591,-7.324591,-6.324591,-0.7245911,1.0754089
-1.724591,-1.224591,-1.4245911,-1.724591,-1.6245911,-1.1245911,-0.7245911,-0.5245911,-0.92459106,0.17540893,-0.22459106,-0.5245911,0.27540892,-0.42459106,-0.62459105,0.17540893,-0.5245911,-0.32459107,-2.024591,-2.3245912,0.9754089,2.775409,-0.5245911,-2.924591,1.275409,2.075409,4.075409,6.175409,4.575409,3.875409,3.975409,3.575409,1.8754089,0.9754089,0.075408936,-0.32459107,-0.42459106,-0.62459105,-1.0245911,-2.124591,0.47540894,3.575409,3.775409,4.375409,4.675409,4.175409,2.1754088,2.975409,0.37540895,-2.3245912,-5.024591,-6.624591,-7.524591,-7.024591,-3.424591,-3.724591,-5.824591,-1.9245911,1.3754089
-1.5245911,-1.1245911,-1.1245911,-1.1245911,-1.1245911,-1.324591,-0.92459106,-0.5245911,-1.1245911,-0.92459106,-0.42459106,-0.5245911,-1.0245911,-1.1245911,-0.82459104,-0.7245911,-2.124591,-5.624591,-6.824591,-2.424591,1.275409,3.975409,0.7754089,-2.624591,0.9754089,2.575409,4.175409,4.675409,3.975409,3.375409,2.575409,3.075409,1.775409,0.17540893,0.075408936,0.17540893,-0.5245911,-1.1245911,-1.5245911,-2.024591,-0.42459106,0.87540895,2.875409,3.275409,3.875409,3.575409,2.475409,1.275409,-1.5245911,-3.524591,-4.2245913,-5.324591,-6.124591,-4.024591,-3.124591,-3.524591,-4.2245913,-2.524591,1.9754089
-2.024591,-1.324591,-0.7245911,-0.7245911,-1.0245911,-0.82459104,-1.0245911,-0.42459106,0.17540893,-0.024591064,-0.42459106,-0.42459106,-0.82459104,-1.324591,-0.42459106,-0.7245911,-1.6245911,-3.424591,-4.7245913,-2.524591,-0.5245911,0.37540895,0.27540892,-2.224591,1.3754089,2.6754088,4.675409,4.175409,2.775409,2.1754088,1.4754089,1.775409,1.675409,0.27540892,-0.82459104,-0.62459105,0.17540893,0.075408936,-0.7245911,-1.724591,0.075408936,-0.5245911,1.5754089,2.575409,2.575409,0.7754089,0.67540896,-0.024591064,-2.224591,-3.3245912,-4.524591,-5.024591,-5.7245913,-2.924591,-1.824591,-2.624591,-3.124591,0.7754089,9.075409
-1.6245911,-1.1245911,-0.62459105,-0.7245911,-0.5245911,-0.32459107,-0.22459106,-0.024591064,-0.22459106,-0.5245911,0.37540895,-0.32459107,-0.92459106,-0.12459107,-0.22459106,0.37540895,0.075408936,-0.32459107,-2.224591,-4.324591,-2.8245912,-1.5245911,-0.62459105,1.0754089,3.575409,2.975409,3.1754088,2.875409,2.475409,1.5754089,0.17540893,0.57540894,0.7754089,0.37540895,-0.5245911,-1.5245911,-0.62459105,-0.12459107,-0.22459106,-0.7245911,-1.1245911,-2.024591,0.17540893,0.47540894,2.375409,-0.5245911,-1.5245911,-1.824591,-2.424591,-3.424591,-4.424591,-4.124591,-2.924591,0.27540892,-0.42459106,-2.8245912,-0.5245911,4.675409,0.57540894
-1.224591,-0.42459106,-0.5245911,-0.5245911,0.075408936,-0.024591064,0.075408936,0.37540895,1.675409,1.775409,0.87540895,0.67540896,-0.22459106,0.17540893,-0.024591064,0.47540894,0.7754089,0.37540895,0.67540896,0.27540892,0.27540892,0.27540892,0.17540893,1.175409,2.375409,2.575409,2.1754088,1.9754089,1.8754089,1.3754089,0.37540895,0.37540895,0.57540894,-0.42459106,-1.0245911,-2.3245912,-3.424591,0.17540893,1.0754089,0.57540894,-1.324591,-2.024591,-0.62459105,0.075408936,0.37540895,-0.92459106,-2.3245912,-1.724591,-1.824591,-1.5245911,-1.9245911,-0.5245911,-0.82459104,0.075408936,-0.62459105,1.175409,4.475409,0.47540894,0.47540894
-0.7245911,-0.42459106,0.57540894,1.0754089,0.7754089,1.175409,1.5754089,1.8754089,1.775409,1.8754089,1.0754089,1.0754089,0.9754089,0.67540896,0.87540895,0.17540893,0.17540893,0.67540896,0.9754089,0.7754089,0.075408936,0.7754089,0.7754089,0.67540896,0.87540895,1.3754089,1.175409,0.075408936,0.67540896,1.5754089,-0.024591064,0.17540893,-0.32459107,-1.4245911,-2.024591,-2.424591,-1.5245911,-0.7245911,-0.92459106,0.57540894,-0.32459107,-2.624591,-0.22459106,0.075408936,-0.32459107,-2.8245912,-3.524591,-3.224591,-2.924591,-2.524591,-1.824591,-1.324591,-2.224591,0.37540895,2.575409,1.175409,0.57540894,0.075408936,-0.82459104
-0.024591064,0.47540894,1.175409,1.0754089,1.275409,1.775409,2.475409,2.275409,2.375409,1.9754089,1.775409,1.675409,1.175409,0.9754089,0.87540895,0.87540895,0.87540895,0.87540895,0.57540894,0.67540896,0.57540894,1.675409,1.3754089,1.4754089,1.8754089,0.9754089,0.67540896,0.27540892,-0.024591064,0.27540892,-0.12459107,-0.62459105,-0.62459105,-1.5245911,-2.124591,-2.524591,-1.324591,-1.224591,-1.0245911,-0.92459106,0.47540894,-2.224591,-2.3245912,-0.5245911,-0.92459106,-2.8245912,-3.8245912,-4.424591,-4.524591,-3.3245912,-1.9245911,-1.4245911,-0.62459105,4.875409,1.675409,0.57540894,0.27540892,0.67540896,-0.024591064
0.075408936,0.87540895,1.675409,1.4754089,2.075409,2.375409,2.875409,3.575409,3.875409,3.375409,2.875409,2.075409,1.4754089,1.0754089,0.7754089,0.7754089,0.9754089,0.7754089,0.57540894,0.57540894,0.27540892,0.47540894,0.67540896,0.7754089,0.67540896,1.3754089,0.57540894,0.47540894,-0.42459106,-0.42459106,-0.42459106,-1.224591,-1.224591,-1.724591,-2.3245912,-2.424591,-1.724591,-1.5245911,-1.1245911,-1.724591,-0.42459106,-0.82459104,-0.92459106,-2.524591,-1.0245911,-1.6245911,-3.024591,-3.3245912,-3.624591,-2.8245912,-2.024591,-0.5245911,-0.42459106,-0.12459107,0.075408936,0.075408936,0.37540895,-0.12459107,0.87540895
0.27540892,0.7754089,1.175409,1.675409,2.1754088,3.375409,3.075409,3.575409,3.575409,3.875409,3.275409,2.6754088,1.9754089,1.675409,1.175409,0.67540896,0.47540894,0.27540892,0.17540893,0.17540893,0.075408936,0.27540892,0.075408936,0.27540892,0.17540893,0.075408936,0.37540895,0.57540894,-0.7245911,-1.1245911,-1.5245911,-2.124591,-1.9245911,-2.024591,-2.624591,-2.424591,-2.224591,-1.5245911,-0.5245911,-0.92459106,-0.7245911,0.57540894,-0.32459107,-0.82459104,-3.224591,-2.024591,-2.724591,-0.92459106,-0.5245911,-1.9245911,-1.724591,-0.5245911,-0.7245911,-1.0245911,-0.5245911,-1.0245911,-0.5245911,-0.7245911,1.4754089
0.57540894,1.275409,1.4754089,2.075409,2.275409,2.775409,3.1754088,3.275409,3.375409,3.6754088,3.375409,2.975409,2.375409,1.675409,1.175409,1.4754089,1.175409,1.0754089,0.9754089,0.47540894,0.9754089,0.57540894,0.075408936,-0.5245911,-0.82459104,-1.324591,-0.5245911,-0.7245911,-1.0245911,-2.224591,-2.424591,-2.924591,-2.624591,-2.624591,-2.624591,-2.524591,-2.424591,-2.024591,-1.4245911,-0.62459105,-0.32459107,-0.62459105,-0.22459106,-0.5245911,-0.62459105,-1.4245911,-0.7245911,-0.12459107,-0.82459104,-1.724591,-2.3245912,0.075408936,0.075408936,-0.7245911,-1.9245911,-0.42459106,0.075408936,2.875409,0.9754089
0.67540896,1.0754089,1.3754089,2.6754088,2.275409,2.575409,2.6754088,2.975409,2.875409,3.075409,2.975409,2.575409,1.9754089,1.5754089,1.275409,2.375409,2.375409,2.075409,1.675409,1.775409,1.3754089,0.87540895,0.47540894,-0.5245911,-1.0245911,-1.6245911,-2.024591,-2.424591,-1.9245911,-2.124591,-2.424591,-3.3245912,-3.024591,-2.724591,-2.524591,-2.3245912,-1.824591,-1.724591,-1.224591,-0.5245911,1.175409,-0.42459106,0.47540894,-0.62459105,-0.42459106,-1.1245911,-1.0245911,-0.62459105,0.47540894,-0.7245911,-1.6245911,-0.32459107,-0.32459107,-0.62459105,-0.7245911,1.3754089,3.875409,1.4754089,3.1754088
0.47540894,1.275409,0.87540895,1.5754089,1.775409,1.8754089,2.875409,2.375409,2.475409,2.275409,2.375409,1.5754089,0.9754089,1.4754089,1.675409,2.275409,2.575409,2.575409,1.675409,1.675409,0.9754089,0.37540895,0.17540893,-0.42459106,-1.6245911,-1.6245911,-2.8245912,-2.3245912,-2.424591,-2.924591,-3.924591,-3.424591,-3.524591,-3.424591,-2.724591,-2.524591,-2.224591,-2.124591,-1.1245911,-0.22459106,-0.22459106,0.57540894,-0.32459107,0.27540892,0.27540892,0.17540893,0.27540892,0.075408936,0.27540892,-0.024591064,-0.62459105,-2.3245912,-0.62459105,-0.32459107,0.7754089,1.275409,0.7754089,-0.024591064,5.475409
0.47540894,0.57540894,0.7754089,0.7754089,1.3754089,1.3754089,1.275409,1.675409,2.275409,2.375409,2.075409,1.8754089,2.275409,3.075409,2.375409,2.875409,2.275409,2.375409,2.375409,1.675409,0.67540896,0.17540893,0.27540892,0.27540892,-1.6245911,-2.124591,-3.3245912,-3.8245912,-4.024591,-3.8245912,-4.024591,-4.324591,-3.8245912,-3.224591,-3.924591,-3.3245912,-3.024591,-1.824591,-1.824591,-1.0245911,0.17540893,0.27540892,0.57540894,-0.92459106,1.3754089,0.87540895,0.9754089,1.5754089,0.9754089,0.27540892,-0.62459105,-2.124591,-0.82459104,-0.62459105,-0.62459105,-0.32459107,0.37540895,0.57540894,4.175409
-0.32459107,0.075408936,0.37540895,0.27540892,0.37540895,0.075408936,0.87540895,1.5754089,1.9754089,2.1754088,2.075409,1.775409,2.575409,3.275409,3.475409,3.575409,4.075409,2.975409,2.875409,1.8754089,1.5754089,0.87540895,0.67540896,0.37540895,-0.92459106,-2.124591,-2.3245912,-4.024591,-4.2245913,-5.424591,-4.624591,-4.2245913,-4.024591,-3.224591,-3.224591,-3.024591,-2.8245912,-1.9245911,-1.224591,-1.0245911,-0.42459106,0.37540895,0.27540892,0.57540894,0.57540894,0.47540894,1.0754089,0.67540896,2.975409,1.675409,-1.224591,-2.124591,-1.824591,-1.324591,-2.3245912,-1.724591,-1.1245911,1.275409,1.8754089
-0.92459106,-1.224591,-1.5245911,-0.12459107,-0.12459107,0.27540892,0.87540895,1.775409,1.675409,1.8754089,2.475409,2.875409,3.1754088,2.775409,3.6754088,4.575409,4.7754087,4.2754087,3.1754088,2.875409,2.075409,1.775409,1.5754089,2.375409,0.7754089,-0.7245911,-1.5245911,-2.624591,-2.8245912,-3.724591,-4.324591,-4.7245913,-4.2245913,-4.024591,-3.3245912,-3.524591,-3.424591,-2.8245912,-1.824591,-1.724591,-0.7245911,0.17540893,0.67540896,0.17540893,-0.024591064,0.075408936,1.5754089,1.8754089,2.075409,-1.324591,-1.1245911,-1.5245911,-1.6245911,-0.5245911,-0.024591064,-1.5245911,-0.5245911,0.17540893,2.075409
-1.5245911,-2.124591,-1.1245911,-1.724591,-1.224591,-0.82459104,-0.7245911,-0.62459105,0.9754089,1.675409,2.1754088,2.275409,2.975409,3.475409,4.075409,4.175409,4.075409,4.575409,4.675409,3.6754088,2.775409,-1.1245911,-0.82459104,-0.82459104,-0.024591064,0.075408936,-1.324591,-2.8245912,-3.224591,-3.724591,-4.2245913,-4.324591,-3.524591,-3.224591,-2.8245912,-3.024591,-3.524591,-2.8245912,-2.924591,-2.3245912,-1.724591,-1.224591,-0.42459106,0.9754089,1.0754089,1.0754089,1.5754089,3.075409,-1.224591,-0.5245911,0.87540895,-1.4245911,-0.5245911,-0.12459107,-0.22459106,-1.324591,-0.92459106,-0.12459107,0.47540894
-2.124591,-1.224591,-1.4245911,-0.32459107,-0.62459105,0.17540893,-0.42459106,-0.024591064,-0.42459106,1.0754089,2.075409,2.1754088,2.475409,3.375409,3.875409,4.575409,4.575409,5.175409,5.2754087,4.975409,3.775409,2.6754088,0.67540896,1.0754089,0.17540893,1.3754089,-0.42459106,-3.024591,-2.924591,-3.124591,-3.124591,-2.724591,-2.924591,-3.3245912,-3.124591,-3.224591,-2.8245912,-3.3245912,-3.8245912,-3.524591,-1.6245911,-1.724591,-1.1245911,0.17540893,1.0754089,1.275409,1.5754089,2.275409,0.27540892,0.9754089,2.375409,1.175409,2.275409,2.1754088,0.27540892,-0.12459107,-0.92459106,-0.42459106,-0.22459106
-1.724591,-1.0245911,-1.0245911,-0.32459107,0.075408936,0.27540892,0.075408936,-0.024591064,0.17540893,0.17540893,1.175409,1.4754089,1.9754089,3.075409,3.975409,4.375409,4.975409,5.175409,5.375409,4.675409,2.975409,2.1754088,1.3754089,0.67540896,1.275409,1.4754089,0.37540895,-1.824591,-2.524591,-2.524591,-2.124591,-2.8245912,-3.124591,-2.624591,-2.024591,-1.9245911,-2.224591,-1.824591,-2.3245912,-2.224591,-2.524591,-2.8245912,-1.724591,-0.82459104,0.47540894,1.0754089,0.7754089,1.175409,-0.5245911,-0.92459106,-0.32459107,-1.824591,0.27540892,0.7754089,-0.22459106,0.7754089,0.9754089,4.2754087,1.3754089
-0.7245911,-1.0245911,-0.62459105,-0.024591064,0.47540894,0.17540893,0.37540895,0.075408936,-0.024591064,-0.62459105,0.37540895,1.0754089,2.275409,2.475409,3.875409,4.975409,5.675409,5.575409,5.575409,4.375409,2.6754088,1.8754089,0.9754089,1.175409,1.675409,1.9754089,0.67540896,-0.5245911,-1.5245911,-1.1245911,-0.5245911,-0.62459105,-0.82459104,-1.5245911,-0.82459104,-0.7245911,-1.724591,-1.6245911,-2.424591,-3.124591,-3.724591,-2.924591,-1.4245911,-1.0245911,-0.024591064,0.67540896,0.17540893,-0.12459107,0.7754089,0.9754089,1.3754089,1.4754089,2.1754088,2.775409,2.375409,0.67540896,-0.024591064,2.575409,-0.92459106
0.57540894,0.17540893,-0.024591064,0.27540892,0.37540895,1.175409,0.57540894,-0.42459106,-0.7245911,-0.82459104,-0.12459107,0.87540895,1.775409,2.375409,3.475409,4.375409,5.675409,5.575409,4.675409,2.1754088,1.4754089,3.6754088,2.075409,3.475409,3.1754088,2.075409,-0.024591064,0.47540894,0.47540894,0.37540895,0.7754089,0.37540895,0.17540893,-0.024591064,0.37540895,2.875409,4.2754087,1.4754089,-1.1245911,-2.8245912,-3.424591,-3.024591,-2.924591,-1.724591,-0.82459104,-1.224591,0.47540894,1.3754089,2.475409,1.775409,1.5754089,1.8754089,2.975409,3.475409,3.775409,2.975409,2.075409,1.275409,1.9754089
1.8754089,0.7754089,0.47540894,0.87540895,0.37540895,1.775409,2.1754088,-0.024591064,-1.5245911,-1.324591,0.17540893,0.37540895,1.0754089,1.675409,3.475409,5.075409,5.175409,4.475409,2.775409,0.075408936,0.7754089,1.775409,2.875409,4.2754087,4.875409,4.075409,0.17540893,0.47540894,1.175409,2.375409,2.275409,0.9754089,0.47540894,1.775409,0.7754089,2.475409,5.475409,3.475409,1.3754089,-0.5245911,-1.724591,-2.924591,-2.524591,-1.9245911,-0.62459105,-0.82459104,0.67540896,1.5754089,1.775409,3.075409,2.875409,3.1754088,3.6754088,3.975409,4.575409,3.6754088,2.075409,2.075409,1.9754089
1.5754089,1.3754089,1.3754089,0.67540896,2.375409,3.875409,3.375409,1.3754089,-0.024591064,-0.5245911,0.7754089,-1.0245911,-0.22459106,0.9754089,2.475409,4.2754087,3.475409,3.1754088,0.7754089,-0.5245911,1.175409,1.775409,2.575409,3.775409,4.7754087,4.2754087,2.1754088,1.675409,2.475409,3.475409,2.1754088,3.875409,2.975409,3.375409,1.3754089,0.67540896,3.275409,3.575409,4.175409,1.275409,-0.024591064,-1.0245911,-1.324591,-0.82459104,-0.7245911,-1.1245911,0.67540896,1.775409,2.6754088,2.775409,3.475409,4.2754087,4.875409,4.475409,5.175409,3.775409,3.1754088,2.375409,1.4754089
1.8754089,2.875409,3.1754088,3.775409,3.475409,3.075409,3.6754088,3.275409,1.675409,1.0754089,0.27540892,-0.42459106,-0.7245911,0.37540895,2.1754088,2.575409,2.475409,0.87540895,-0.62459105,-1.1245911,0.87540895,2.6754088,3.475409,3.475409,4.2754087,3.775409,2.975409,2.6754088,3.075409,3.775409,4.675409,5.2754087,5.075409,4.475409,4.675409,3.475409,3.6754088,3.6754088,2.375409,2.475409,1.675409,1.275409,0.37540895,-1.0245911,-0.42459106,0.37540895,0.87540895,1.3754089,2.6754088,3.775409,4.2754087,4.375409,4.575409,5.2754087,4.675409,4.475409,3.775409,2.975409,1.5754089
